  n    1.00   0.00   1.00 
  p    1.00   1.00   0.00
 h2    2.00   1.00   1.00
he3    3.00   2.00   1.00 
he4    4.00   2.00   2.00
li7    7.00   3.00   4.00
be9    9.00   4.00   5.00
 b8    8.00   5.00   3.00
c12   12.00   6.00   6.00
c13   13.00   6.00   7.00
n14   14.00   7.00   7.00
n15   15.00   7.00   8.00 
o16   16.00   8.00   8.00
f19   19.00   9.00  10.00 
ne20  20.00  10.00  10.00 
ne22  22.00  10.00  12.00 
mg24  24.00  12.00  12.00 
mg26  26.00  12.00  14.00 
si28  28.00  14.00  14.00 
s32   32.00  16.00  16.00 
ar36  36.00  18.00  18.00 
ca40  40.00  20.00  20.00 
ti44  44.00  22.00  22.00 
cr48  48.00  24.00  24.00 
mn54  54.00  25.00  29.00 
mn56  56.00  25.00  31.00 
mn69  69.00  25.00  44.00
fe52  52.00  26.00  26.00 
fe54  54.00  26.00  28.00 
fe56  56.00  26.00  30.00 
ni56  56.00  28.00  28.00 
ni58  58.00  28.00  30.00 
zn60  60.00  30.00  30.00
