    n      1.00       0.00       1.00
    p      1.00       1.00       0.00
   h2      2.00       1.00       1.00
   h3      3.00       1.00       2.00
  he3      3.00       2.00       1.00
  he4      4.00       2.00       2.00
  li6      6.00       3.00       3.00
  li7      7.00       3.00       4.00
  be7      7.00       4.00       3.00
  be9      9.00       4.00       5.00
 be10     10.00       4.00       6.00
   b8      8.00       5.00       3.00
   b9      9.00       5.00       4.00
  b10     10.00       5.00       5.00
  b11     11.00       5.00       6.00
  c11     11.00       6.00       5.00
  c12     12.00       6.00       6.00
  c13     13.00       6.00       7.00
  c14     14.00       6.00       8.00
  n12     12.00       7.00       5.00
  n13     13.00       7.00       6.00
  n14     14.00       7.00       7.00
  n15     15.00       7.00       8.00
  n16     16.00       7.00       9.00
  o14     14.00       8.00       6.00
  o15     15.00       8.00       7.00
  o16     16.00       8.00       8.00
  o17     17.00       8.00       9.00
  o18     18.00       8.00      10.00
  o19     19.00       8.00      11.00
  f17     17.00       9.00       8.00
  f18     18.00       9.00       9.00
  f19     19.00       9.00      10.00
  f20     20.00       9.00      11.00
  f21     21.00       9.00      12.00
 ne17     17.00      10.00       7.00
 ne18     18.00      10.00       8.00
 ne19     19.00      10.00       9.00
 ne20     20.00      10.00      10.00
 ne21     21.00      10.00      11.00
 ne22     22.00      10.00      12.00
 ne23     23.00      10.00      13.00
 ne24     24.00      10.00      14.00
 na19     19.00      11.00       8.00
 na20     20.00      11.00       9.00
 na21     21.00      11.00      10.00
 na22     22.00      11.00      11.00
 na23     23.00      11.00      12.00
 na24     24.00      11.00      13.00
 na25     25.00      11.00      14.00
 na26     26.00      11.00      15.00
 na27     27.00      11.00      16.00
 mg20     20.00      12.00       8.00
 mg21     21.00      12.00       9.00
 mg22     22.00      12.00      10.00
 mg23     23.00      12.00      11.00
 mg24     24.00      12.00      12.00
 mg25     25.00      12.00      13.00
 mg26     26.00      12.00      14.00
 mg27     27.00      12.00      15.00
 mg28     28.00      12.00      16.00
 mg29     29.00      12.00      17.00
 al22     22.00      13.00       9.00
 al23     23.00      13.00      10.00
 al24     24.00      13.00      11.00
 al25     25.00      13.00      12.00
 al26     26.00      13.00      13.00
 al27     27.00      13.00      14.00
 al28     28.00      13.00      15.00
 al29     29.00      13.00      16.00
 al30     30.00      13.00      17.00
 al31     31.00      13.00      18.00
 si23     23.00      14.00       9.00
 si24     24.00      14.00      10.00
 si25     25.00      14.00      11.00
 si26     26.00      14.00      12.00
 si27     27.00      14.00      13.00
 si28     28.00      14.00      14.00
 si29     29.00      14.00      15.00
 si30     30.00      14.00      16.00
 si31     31.00      14.00      17.00
 si32     32.00      14.00      18.00
 si33     33.00      14.00      19.00
 si34     34.00      14.00      20.00
  p27     27.00      15.00      12.00
  p28     28.00      15.00      13.00
  p29     29.00      15.00      14.00
  p30     30.00      15.00      15.00
  p31     31.00      15.00      16.00
  p32     32.00      15.00      17.00
  p33     33.00      15.00      18.00
  p34     34.00      15.00      19.00
  p35     35.00      15.00      20.00
  p36     36.00      15.00      21.00
  p37     37.00      15.00      22.00
  p38     38.00      15.00      23.00
  s28     28.00      16.00      12.00
  s29     29.00      16.00      13.00
  s30     30.00      16.00      14.00
  s31     31.00      16.00      15.00
  s32     32.00      16.00      16.00
  s33     33.00      16.00      17.00
  s34     34.00      16.00      18.00
  s35     35.00      16.00      19.00
  s36     36.00      16.00      20.00
  s37     37.00      16.00      21.00
  s38     38.00      16.00      22.00
  s39     39.00      16.00      23.00
  s40     40.00      16.00      24.00
  s41     41.00      16.00      25.00
  s42     42.00      16.00      26.00
 cl31     31.00      17.00      14.00
 cl32     32.00      17.00      15.00
 cl33     33.00      17.00      16.00
 cl34     34.00      17.00      17.00
 cl35     35.00      17.00      18.00
 cl36     36.00      17.00      19.00
 cl37     37.00      17.00      20.00
 cl38     38.00      17.00      21.00
 cl39     39.00      17.00      22.00
 cl40     40.00      17.00      23.00
 cl41     41.00      17.00      24.00
 cl42     42.00      17.00      25.00
 cl43     43.00      17.00      26.00
 cl44     44.00      17.00      27.00
 cl45     45.00      17.00      28.00
 ar32     32.00      18.00      14.00
 ar33     33.00      18.00      15.00
 ar34     34.00      18.00      16.00
 ar35     35.00      18.00      17.00
 ar36     36.00      18.00      18.00
 ar37     37.00      18.00      19.00
 ar38     38.00      18.00      20.00
 ar39     39.00      18.00      21.00
 ar40     40.00      18.00      22.00
 ar41     41.00      18.00      23.00
 ar42     42.00      18.00      24.00
 ar43     43.00      18.00      25.00
 ar44     44.00      18.00      26.00
 ar45     45.00      18.00      27.00
 ar46     46.00      18.00      28.00
  k35     35.00      19.00      16.00
  k36     36.00      19.00      17.00
  k37     37.00      19.00      18.00
  k38     38.00      19.00      19.00
  k39     39.00      19.00      20.00
  k40     40.00      19.00      21.00
  k41     41.00      19.00      22.00
  k42     42.00      19.00      23.00
  k43     43.00      19.00      24.00
  k44     44.00      19.00      25.00
  k45     45.00      19.00      26.00
  k46     46.00      19.00      27.00
  k47     47.00      19.00      28.00
  k48     48.00      19.00      29.00
  k49     49.00      19.00      30.00
 ca36     36.00      20.00      16.00
 ca37     37.00      20.00      17.00
 ca38     38.00      20.00      18.00
 ca39     39.00      20.00      19.00
 ca40     40.00      20.00      20.00
 ca41     41.00      20.00      21.00
 ca42     42.00      20.00      22.00
 ca43     43.00      20.00      23.00
 ca44     44.00      20.00      24.00
 ca45     45.00      20.00      25.00
 ca46     46.00      20.00      26.00
 ca47     47.00      20.00      27.00
 ca48     48.00      20.00      28.00
 ca49     49.00      20.00      29.00
 sc40     40.00      21.00      19.00
 sc41     41.00      21.00      20.00
 sc42     42.00      21.00      21.00
 sc43     43.00      21.00      22.00
 sc44     44.00      21.00      23.00
 sc45     45.00      21.00      24.00
 sc46     46.00      21.00      25.00
 sc47     47.00      21.00      26.00
 sc48     48.00      21.00      27.00
 sc49     49.00      21.00      28.00
 sc50     50.00      21.00      29.00
 sc51     51.00      21.00      30.00
 ti41     41.00      22.00      19.00
 ti42     42.00      22.00      20.00
 ti43     43.00      22.00      21.00
 ti44     44.00      22.00      22.00
 ti45     45.00      22.00      23.00
 ti46     46.00      22.00      24.00
 ti47     47.00      22.00      25.00
 ti48     48.00      22.00      26.00
 ti49     49.00      22.00      27.00
 ti50     50.00      22.00      28.00
 ti51     51.00      22.00      29.00
 ti52     52.00      22.00      30.00
 ti53     53.00      22.00      31.00
 ti54     54.00      22.00      32.00
  v43     43.00      23.00      20.00
  v44     44.00      23.00      21.00
  v45     45.00      23.00      22.00
  v46     46.00      23.00      23.00
  v47     47.00      23.00      24.00
  v48     48.00      23.00      25.00
  v49     49.00      23.00      26.00
  v50     50.00      23.00      27.00
  v51     51.00      23.00      28.00
  v52     52.00      23.00      29.00
  v53     53.00      23.00      30.00
  v54     54.00      23.00      31.00
  v55     55.00      23.00      32.00
  v56     56.00      23.00      33.00
 cr44     44.00      24.00      20.00
 cr45     45.00      24.00      21.00
 cr46     46.00      24.00      22.00
 cr47     47.00      24.00      23.00
 cr48     48.00      24.00      24.00
 cr49     49.00      24.00      25.00
 cr50     50.00      24.00      26.00
 cr51     51.00      24.00      27.00
 cr52     52.00      24.00      28.00
 cr53     53.00      24.00      29.00
 cr54     54.00      24.00      30.00
 cr55     55.00      24.00      31.00
 cr56     56.00      24.00      32.00
 cr57     57.00      24.00      33.00
 cr58     58.00      24.00      34.00
 mn46     46.00      25.00      21.00
 mn47     47.00      25.00      22.00
 mn48     48.00      25.00      23.00
 mn49     49.00      25.00      24.00
 mn50     50.00      25.00      25.00
 mn51     51.00      25.00      26.00
 mn52     52.00      25.00      27.00
 mn53     53.00      25.00      28.00
 mn54     54.00      25.00      29.00
 mn55     55.00      25.00      30.00
 mn56     56.00      25.00      31.00
 mn57     57.00      25.00      32.00
 mn58     58.00      25.00      33.00
 mn59     59.00      25.00      34.00
 mn60     60.00      25.00      35.00
 mn61     61.00      25.00      36.00
 fe47     47.00      26.00      21.00
 fe48     48.00      26.00      22.00
 fe49     49.00      26.00      23.00
 fe50     50.00      26.00      24.00
 fe51     51.00      26.00      25.00
 fe52     52.00      26.00      26.00
 fe53     53.00      26.00      27.00
 fe54     54.00      26.00      28.00
 fe55     55.00      26.00      29.00
 fe56     56.00      26.00      30.00
 fe57     57.00      26.00      31.00
 fe58     58.00      26.00      32.00
 fe59     59.00      26.00      33.00
 fe60     60.00      26.00      34.00
 fe61     61.00      26.00      35.00
 fe62     62.00      26.00      36.00
 fe63     63.00      26.00      37.00
 fe64     64.00      26.00      38.00
 fe65     65.00      26.00      39.00
 fe66     66.00      26.00      40.00
 co50     50.00      27.00      23.00
 co51     51.00      27.00      24.00
 co52     52.00      27.00      25.00
 co53     53.00      27.00      26.00
 co54     54.00      27.00      27.00
 co55     55.00      27.00      28.00
 co56     56.00      27.00      29.00
 co57     57.00      27.00      30.00
 co58     58.00      27.00      31.00
 co59     59.00      27.00      32.00
 co60     60.00      27.00      33.00
 co61     61.00      27.00      34.00
 co62     62.00      27.00      35.00
 co63     63.00      27.00      36.00
 co64     64.00      27.00      37.00
 co65     65.00      27.00      38.00
 co66     66.00      27.00      39.00
 co67     67.00      27.00      40.00
 ni51     51.00      28.00      23.00
 ni52     52.00      28.00      24.00
 ni53     53.00      28.00      25.00
 ni54     54.00      28.00      26.00
 ni55     55.00      28.00      27.00
 ni56     56.00      28.00      28.00
 ni57     57.00      28.00      29.00
 ni58     58.00      28.00      30.00
 ni59     59.00      28.00      31.00
 ni60     60.00      28.00      32.00
 ni61     61.00      28.00      33.00
 ni62     62.00      28.00      34.00
 ni63     63.00      28.00      35.00
 ni64     64.00      28.00      36.00
 ni65     65.00      28.00      37.00
 ni66     66.00      28.00      38.00
 ni67     67.00      28.00      39.00
 ni68     68.00      28.00      40.00
 cu55     55.00      29.00      26.00
 cu56     56.00      29.00      27.00
 cu57     57.00      29.00      28.00
 cu58     58.00      29.00      29.00
 cu59     59.00      29.00      30.00
 cu60     60.00      29.00      31.00
 cu61     61.00      29.00      32.00
 cu62     62.00      29.00      33.00
 cu63     63.00      29.00      34.00
 cu64     64.00      29.00      35.00
 cu65     65.00      29.00      36.00
 cu66     66.00      29.00      37.00
 cu67     67.00      29.00      38.00
 cu68     68.00      29.00      39.00
 cu69     69.00      29.00      40.00
 zn57     57.00      30.00      27.00
 zn58     58.00      30.00      28.00
 zn59     59.00      30.00      29.00
 zn60     60.00      30.00      30.00
 zn61     61.00      30.00      31.00
 zn62     62.00      30.00      32.00
 zn63     63.00      30.00      33.00
 zn64     64.00      30.00      34.00
 zn65     65.00      30.00      35.00
 zn66     66.00      30.00      36.00
 zn67     67.00      30.00      37.00
 zn68     68.00      30.00      38.00
 zn69     69.00      30.00      39.00
 zn70     70.00      30.00      40.00
 zn71     71.00      30.00      41.00
 zn72     72.00      30.00      42.00
 ga59     59.00      31.00      28.00
 ga60     60.00      31.00      29.00
 ga61     61.00      31.00      30.00
 ga62     62.00      31.00      31.00
 ga63     63.00      31.00      32.00
 ga64     64.00      31.00      33.00
 ga65     65.00      31.00      34.00
 ga66     66.00      31.00      35.00
 ga67     67.00      31.00      36.00
 ga68     68.00      31.00      37.00
 ga69     69.00      31.00      38.00
 ga70     70.00      31.00      39.00
 ga71     71.00      31.00      40.00
 ga72     72.00      31.00      41.00
 ga73     73.00      31.00      42.00
 ga74     74.00      31.00      43.00
 ga75     75.00      31.00      44.00
 ge62     62.00      32.00      30.00
 ge63     63.00      32.00      31.00
 ge64     64.00      32.00      32.00
 ge65     65.00      32.00      33.00
 ge66     66.00      32.00      34.00
 ge67     67.00      32.00      35.00
 ge68     68.00      32.00      36.00
 ge69     69.00      32.00      37.00
 ge70     70.00      32.00      38.00
 ge71     71.00      32.00      39.00
 ge72     72.00      32.00      40.00
 ge73     73.00      32.00      41.00
 ge74     74.00      32.00      42.00
 ge75     75.00      32.00      43.00
 ge76     76.00      32.00      44.00
 ge77     77.00      32.00      45.00
 ge78     78.00      32.00      46.00
 as65     65.00      33.00      32.00
 as66     66.00      33.00      33.00
 as67     67.00      33.00      34.00
 as68     68.00      33.00      35.00
 as69     69.00      33.00      36.00
 as70     70.00      33.00      37.00
 as71     71.00      33.00      38.00
 as72     72.00      33.00      39.00
 as73     73.00      33.00      40.00
 as74     74.00      33.00      41.00
 as75     75.00      33.00      42.00
 as76     76.00      33.00      43.00
 as77     77.00      33.00      44.00
 as78     78.00      33.00      45.00
 as79     79.00      33.00      46.00
 se67     67.00      34.00      33.00
 se68     68.00      34.00      34.00
 se69     69.00      34.00      35.00
 se70     70.00      34.00      36.00
 se71     71.00      34.00      37.00
 se72     72.00      34.00      38.00
 se73     73.00      34.00      39.00
 se74     74.00      34.00      40.00
 se75     75.00      34.00      41.00
 se76     76.00      34.00      42.00
 se77     77.00      34.00      43.00
 se78     78.00      34.00      44.00
 se79     79.00      34.00      45.00
 se80     80.00      34.00      46.00
 se81     81.00      34.00      47.00
 se82     82.00      34.00      48.00
 se83     83.00      34.00      49.00
 br68     68.00      35.00      33.00
 br69     69.00      35.00      34.00
 br70     70.00      35.00      35.00
 br71     71.00      35.00      36.00
 br72     72.00      35.00      37.00
 br73     73.00      35.00      38.00
 br74     74.00      35.00      39.00
 br75     75.00      35.00      40.00
 br76     76.00      35.00      41.00
 br77     77.00      35.00      42.00
 br78     78.00      35.00      43.00
 br79     79.00      35.00      44.00
 br80     80.00      35.00      45.00
 br81     81.00      35.00      46.00
 br82     82.00      35.00      47.00
 br83     83.00      35.00      48.00
 kr69     69.00      36.00      33.00
 kr70     70.00      36.00      34.00
 kr71     71.00      36.00      35.00
 kr72     72.00      36.00      36.00
 kr73     73.00      36.00      37.00
 kr74     74.00      36.00      38.00
 kr75     75.00      36.00      39.00
 kr76     76.00      36.00      40.00
 kr77     77.00      36.00      41.00
 kr78     78.00      36.00      42.00
 kr79     79.00      36.00      43.00
 kr80     80.00      36.00      44.00
 kr81     81.00      36.00      45.00
 kr82     82.00      36.00      46.00
 kr83     83.00      36.00      47.00
 kr84     84.00      36.00      48.00
 kr85     85.00      36.00      49.00
 kr86     86.00      36.00      50.00
 kr87     87.00      36.00      51.00
 rb73     73.00      37.00      36.00
 rb74     74.00      37.00      37.00
 rb75     75.00      37.00      38.00
 rb76     76.00      37.00      39.00
 rb77     77.00      37.00      40.00
 rb78     78.00      37.00      41.00
 rb79     79.00      37.00      42.00
 rb80     80.00      37.00      43.00
 rb81     81.00      37.00      44.00
 rb82     82.00      37.00      45.00
 rb83     83.00      37.00      46.00
 rb84     84.00      37.00      47.00
 rb85     85.00      37.00      48.00
 sr74     74.00      38.00      36.00
 sr75     75.00      38.00      37.00
 sr76     76.00      38.00      38.00
 sr77     77.00      38.00      39.00
 sr78     78.00      38.00      40.00
 sr79     79.00      38.00      41.00
 sr80     80.00      38.00      42.00
 sr81     81.00      38.00      43.00
 sr82     82.00      38.00      44.00
 sr83     83.00      38.00      45.00
 sr84     84.00      38.00      46.00
  y75     75.00      39.00      36.00
  y76     76.00      39.00      37.00
  y77     77.00      39.00      38.00
  y78     78.00      39.00      39.00
  y79     79.00      39.00      40.00
  y80     80.00      39.00      41.00
  y81     81.00      39.00      42.00
  y82     82.00      39.00      43.00
  y83     83.00      39.00      44.00
  y84     84.00      39.00      45.00
  y85     85.00      39.00      46.00
  y86     86.00      39.00      47.00
  y87     87.00      39.00      48.00
 zr78     78.00      40.00      38.00
 zr79     79.00      40.00      39.00
 zr80     80.00      40.00      40.00
 zr81     81.00      40.00      41.00
 zr82     82.00      40.00      42.00
 zr83     83.00      40.00      43.00
 zr84     84.00      40.00      44.00
 zr85     85.00      40.00      45.00
 zr86     86.00      40.00      46.00
 zr87     87.00      40.00      47.00
 zr88     88.00      40.00      48.00
 zr89     89.00      40.00      49.00
 zr90     90.00      40.00      50.00
 nb82     82.00      41.00      41.00
 nb83     83.00      41.00      42.00
 nb84     84.00      41.00      43.00
 nb85     85.00      41.00      44.00
 nb86     86.00      41.00      45.00
 nb87     87.00      41.00      46.00
 nb88     88.00      41.00      47.00
 nb89     89.00      41.00      48.00
 nb90     90.00      41.00      49.00
 mo83     83.00      42.00      41.00
 mo84     84.00      42.00      42.00
 mo85     85.00      42.00      43.00
 mo86     86.00      42.00      44.00
 mo87     87.00      42.00      45.00
 mo88     88.00      42.00      46.00
 mo89     89.00      42.00      47.00
 mo90     90.00      42.00      48.00
 tc89     89.00      43.00      46.00
 tc90     90.00      43.00      47.00
 tc91     91.00      43.00      48.00
