  n    1.00   0.00   1.00 
  p    1.00   1.00   0.00 
he4    4.00   2.00   2.00 
c12   12.00   6.00   6.00 
o16   16.00   8.00   8.00 
ne20  20.00  10.00  10.00 
mg24  24.00  12.00  12.00 
si28  28.00  14.00  14.00 
s32   32.00  16.00  16.00 
ar36  36.00  18.00  18.00 
ca40  40.00  20.00  20.00 
ti44  44.00  22.00  22.00 
cr48  48.00  24.00  24.00 
mn54  54.00  25.00  29.00 
mn56  56.00  25.00  31.00 
mn69  69.00  25.00  44.00
fe52  52.00  26.00  26.00 
fe56  56.00  26.00  30.00 
ni56  56.00  28.00  28.00 
