    n    1.00    0.00    1.00
    p    1.00    1.00    0.00
   h2    2.00    1.00    1.00
  he3    3.00    2.00    1.00
  he4    4.00    2.00    2.00
  li7    7.00    3.00    4.00
  be7    7.00    4.00    3.00
  be9    9.00    4.00    5.00
 be10   10.00    4.00    6.00
   b8    8.00    5.00    3.00
  c12   12.00    6.00    6.00
  c13   13.00    6.00    7.00
  n13   13.00    7.00    6.00
  n14   14.00    7.00    7.00
  n15   15.00    7.00    8.00
  o14   14.00    8.00    6.00
  o15   15.00    8.00    7.00
  o16   16.00    8.00    8.00
  o17   17.00    8.00    9.00
  o18   18.00    8.00   10.00
  f17   17.00    9.00    8.00
  f18   18.00    9.00    9.00
  f19   19.00    9.00   10.00
 ne18   18.00   10.00    8.00
 ne19   19.00   10.00    9.00
 ne20   20.00   10.00   10.00
 ne21   21.00   10.00   11.00
 ne22   22.00   10.00   12.00
 na21   21.00   11.00   10.00
 na22   22.00   11.00   11.00
 na23   23.00   11.00   12.00
 na24   24.00   11.00   13.00
 mg23   23.00   12.00   11.00
 mg24   24.00   12.00   12.00
 mg25   25.00   12.00   13.00
 mg26   26.00   12.00   14.00
 al25   25.00   13.00   12.00
 al26   26.00   13.00   13.00
 al27   27.00   13.00   14.00
 si27   27.00   14.00   13.00
 si28   28.00   14.00   14.00
 si29   29.00   14.00   15.00
 si30   30.00   14.00   16.00
  p30   30.00   15.00   15.00
  p31   31.00   15.00   16.00
  s31   31.00   16.00   15.00
  s32   32.00   16.00   16.00
  s33   33.00   16.00   17.00
  s34   34.00   16.00   18.00
 cl35   35.00   17.00   18.00
 ar35   35.00   18.00   17.00
 ar36   36.00   18.00   18.00
 ar37   37.00   18.00   19.00
 ar38   38.00   18.00   20.00
  k39   39.00   19.00   20.00
 ca39   39.00   20.00   19.00
 ca40   40.00   20.00   20.00
 ca41   41.00   20.00   21.00
 ca42   42.00   20.00   22.00
 sc43   43.00   21.00   22.00
 ti44   44.00   22.00   22.00
 ti45   45.00   22.00   23.00
 ti46   46.00   22.00   24.00
  v47   47.00   23.00   24.00
 cr48   48.00   24.00   24.00
 cr49   49.00   24.00   25.00
 cr50   50.00   24.00   26.00
 mn51   51.00   25.00   26.00
 mn54   54.00   25.00   29.00
 mn56   56.00   25.00   31.00
 mn69   69.00   25.00   44.00
 fe52   52.00   26.00   26.00
 fe53   53.00   26.00   27.00
 fe54   54.00   26.00   28.00
 fe56   56.00   26.00   30.00
 co55   55.00   27.00   28.00
 co56   56.00   27.00   29.00
 ni56   56.00   28.00   28.00
 ni57   57.00   28.00   29.00
 ni58   58.00   28.00   30.00
 ni59   59.00   28.00   31.00
