    n      1.00       0.00       1.00
    p      1.00       1.00       0.00
   h2      2.00       1.00       1.00
  he3      3.00       2.00       1.00
  he4      4.00       2.00       2.00
  c12     12.00       6.00       6.00
  n14     14.00       7.00       7.00
  o16     16.00       8.00       8.00
 ne20     20.00      10.00      10.00
 mg24     24.00      12.00      12.00
 si28     28.00      14.00      14.00
  s32     32.00      16.00      16.00
 ar36     36.00      18.00      18.00
 ca40     40.00      20.00      20.00
 ti44     44.00      22.00      22.00
 cr48     48.00      24.00      24.00
 cr56     56.00      24.00      32.00
 fe52     52.00      26.00      26.00
 fe54     54.00      26.00      28.00
 fe56     56.00      26.00      30.00
 fe66     66.00      26.00      40.00
 co56     56.00      27.00      29.00
 ni56     56.00      28.00      28.00
