    n    1.00    0.00    1.00
    p    1.00    1.00    0.00
   h2    2.00    1.00    1.00
  he3    3.00    2.00    1.00
  he4    4.00    2.00    2.00
  li6    6.00    3.00    3.00
  li7    7.00    3.00    4.00
  li8    8.00    3.00    5.00
  li9    9.00    3.00    6.00
  be7    7.00    4.00    3.00
  be9    9.00    4.00    5.00
 be10   10.00    4.00    6.00
   b8    8.00    5.00    3.00
   b9    9.00    5.00    4.00
  b10   10.00    5.00    5.00
  b11   11.00    5.00    6.00
  b12   12.00    5.00    7.00
  b13   13.00    5.00    8.00
  b14   14.00    5.00    9.00
   c9    9.00    6.00    3.00
  c10   10.00    6.00    4.00
  c11   11.00    6.00    5.00
  c12   12.00    6.00    6.00
  c13   13.00    6.00    7.00
  c14   14.00    6.00    8.00
  c15   15.00    6.00    9.00
  c16   16.00    6.00   10.00
  c17   17.00    6.00   11.00
  c18   18.00    6.00   12.00
  n11   11.00    7.00    4.00
  n12   12.00    7.00    5.00
  n13   13.00    7.00    6.00
  n14   14.00    7.00    7.00
  n15   15.00    7.00    8.00
  n16   16.00    7.00    9.00
  n17   17.00    7.00   10.00
  n18   18.00    7.00   11.00
  n19   19.00    7.00   12.00
  n20   20.00    7.00   13.00
  n21   21.00    7.00   14.00
  o13   13.00    8.00    5.00
  o14   14.00    8.00    6.00
  o15   15.00    8.00    7.00
  o16   16.00    8.00    8.00
  o17   17.00    8.00    9.00
  o18   18.00    8.00   10.00
  o19   19.00    8.00   11.00
  o20   20.00    8.00   12.00
  o21   21.00    8.00   13.00
  o22   22.00    8.00   14.00
  f16   16.00    9.00    7.00
  f17   17.00    9.00    8.00
  f18   18.00    9.00    9.00
  f19   19.00    9.00   10.00
  f20   20.00    9.00   11.00
  f21   21.00    9.00   12.00
  f22   22.00    9.00   13.00
  f23   23.00    9.00   14.00
  f24   24.00    9.00   15.00
  f25   25.00    9.00   16.00
  f26   26.00    9.00   17.00
 ne16   16.00   10.00    6.00
 ne17   17.00   10.00    7.00
 ne18   18.00   10.00    8.00
 ne19   19.00   10.00    9.00
 ne20   20.00   10.00   10.00
 ne21   21.00   10.00   11.00
 ne22   22.00   10.00   12.00
 ne23   23.00   10.00   13.00
 ne24   24.00   10.00   14.00
 ne25   25.00   10.00   15.00
 ne26   26.00   10.00   16.00
 ne27   27.00   10.00   17.00
 ne28   28.00   10.00   18.00
 ne29   29.00   10.00   19.00
 ne30   30.00   10.00   20.00
 ne31   31.00   10.00   21.00
 na19   19.00   11.00    8.00
 na20   20.00   11.00    9.00
 na21   21.00   11.00   10.00
 na22   22.00   11.00   11.00
 na23   23.00   11.00   12.00
 na24   24.00   11.00   13.00
 na25   25.00   11.00   14.00
 na26   26.00   11.00   15.00
 na27   27.00   11.00   16.00
 na28   28.00   11.00   17.00
 na29   29.00   11.00   18.00
 na30   30.00   11.00   19.00
 na31   31.00   11.00   20.00
 na32   32.00   11.00   21.00
 na33   33.00   11.00   22.00
 na34   34.00   11.00   23.00
 mg20   20.00   12.00    8.00
 mg21   21.00   12.00    9.00
 mg22   22.00   12.00   10.00
 mg23   23.00   12.00   11.00
 mg24   24.00   12.00   12.00
 mg25   25.00   12.00   13.00
 mg26   26.00   12.00   14.00
 mg27   27.00   12.00   15.00
 mg28   28.00   12.00   16.00
 mg29   29.00   12.00   17.00
 mg30   30.00   12.00   18.00
 mg31   31.00   12.00   19.00
 mg32   32.00   12.00   20.00
 mg33   33.00   12.00   21.00
 mg34   34.00   12.00   22.00
 mg35   35.00   12.00   23.00
 mg36   36.00   12.00   24.00
 mg37   37.00   12.00   25.00
 al22   22.00   13.00    9.00
 al23   23.00   13.00   10.00
 al24   24.00   13.00   11.00
 al25   25.00   13.00   12.00
 al26   26.00   13.00   13.00
 al27   27.00   13.00   14.00
 al28   28.00   13.00   15.00
 al29   29.00   13.00   16.00
 al30   30.00   13.00   17.00
 al31   31.00   13.00   18.00
 al32   32.00   13.00   19.00
 al33   33.00   13.00   20.00
 al34   34.00   13.00   21.00
 al35   35.00   13.00   22.00
 al36   36.00   13.00   23.00
 al37   37.00   13.00   24.00
 al38   38.00   13.00   25.00
 al39   39.00   13.00   26.00
 al40   40.00   13.00   27.00
 si22   22.00   14.00    8.00
 si23   23.00   14.00    9.00
 si24   24.00   14.00   10.00
 si25   25.00   14.00   11.00
 si26   26.00   14.00   12.00
 si27   27.00   14.00   13.00
 si28   28.00   14.00   14.00
 si29   29.00   14.00   15.00
 si30   30.00   14.00   16.00
 si31   31.00   14.00   17.00
 si32   32.00   14.00   18.00
 si33   33.00   14.00   19.00
 si34   34.00   14.00   20.00
 si35   35.00   14.00   21.00
 si36   36.00   14.00   22.00
 si37   37.00   14.00   23.00
 si38   38.00   14.00   24.00
 si39   39.00   14.00   25.00
 si40   40.00   14.00   26.00
 si41   41.00   14.00   27.00
 si42   42.00   14.00   28.00
 si43   43.00   14.00   29.00
  p24   24.00   15.00    9.00
  p25   25.00   15.00   10.00
  p26   26.00   15.00   11.00
  p27   27.00   15.00   12.00
  p28   28.00   15.00   13.00
  p29   29.00   15.00   14.00
  p30   30.00   15.00   15.00
  p31   31.00   15.00   16.00
  p32   32.00   15.00   17.00
  p33   33.00   15.00   18.00
  p34   34.00   15.00   19.00
  p35   35.00   15.00   20.00
  p36   36.00   15.00   21.00
  p37   37.00   15.00   22.00
  p38   38.00   15.00   23.00
  p39   39.00   15.00   24.00
  p40   40.00   15.00   25.00
  p41   41.00   15.00   26.00
  p42   42.00   15.00   27.00
  p43   43.00   15.00   28.00
  p44   44.00   15.00   29.00
  p45   45.00   15.00   30.00
  p46   46.00   15.00   31.00
  s26   26.00   16.00   10.00
  s27   27.00   16.00   11.00
  s28   28.00   16.00   12.00
  s29   29.00   16.00   13.00
  s30   30.00   16.00   14.00
  s31   31.00   16.00   15.00
  s32   32.00   16.00   16.00
  s33   33.00   16.00   17.00
  s34   34.00   16.00   18.00
  s35   35.00   16.00   19.00
  s36   36.00   16.00   20.00
  s37   37.00   16.00   21.00
  s38   38.00   16.00   22.00
  s39   39.00   16.00   23.00
  s40   40.00   16.00   24.00
  s41   41.00   16.00   25.00
  s42   42.00   16.00   26.00
  s43   43.00   16.00   27.00
  s44   44.00   16.00   28.00
  s45   45.00   16.00   29.00
  s46   46.00   16.00   30.00
  s47   47.00   16.00   31.00
  s48   48.00   16.00   32.00
  s49   49.00   16.00   33.00
 cl28   28.00   17.00   11.00
 cl29   29.00   17.00   12.00
 cl30   30.00   17.00   13.00
 cl31   31.00   17.00   14.00
 cl32   32.00   17.00   15.00
 cl33   33.00   17.00   16.00
 cl34   34.00   17.00   17.00
 cl35   35.00   17.00   18.00
 cl36   36.00   17.00   19.00
 cl37   37.00   17.00   20.00
 cl38   38.00   17.00   21.00
 cl39   39.00   17.00   22.00
 cl40   40.00   17.00   23.00
 cl41   41.00   17.00   24.00
 cl42   42.00   17.00   25.00
 cl43   43.00   17.00   26.00
 cl44   44.00   17.00   27.00
 cl45   45.00   17.00   28.00
 cl46   46.00   17.00   29.00
 cl47   47.00   17.00   30.00
 cl48   48.00   17.00   31.00
 cl49   49.00   17.00   32.00
 cl50   50.00   17.00   33.00
 cl51   51.00   17.00   34.00
 ar30   30.00   18.00   12.00
 ar31   31.00   18.00   13.00
 ar32   32.00   18.00   14.00
 ar33   33.00   18.00   15.00
 ar34   34.00   18.00   16.00
 ar35   35.00   18.00   17.00
 ar36   36.00   18.00   18.00
 ar37   37.00   18.00   19.00
 ar38   38.00   18.00   20.00
 ar39   39.00   18.00   21.00
 ar40   40.00   18.00   22.00
 ar41   41.00   18.00   23.00
 ar42   42.00   18.00   24.00
 ar43   43.00   18.00   25.00
 ar44   44.00   18.00   26.00
 ar45   45.00   18.00   27.00
 ar46   46.00   18.00   28.00
 ar47   47.00   18.00   29.00
 ar48   48.00   18.00   30.00
 ar49   49.00   18.00   31.00
 ar50   50.00   18.00   32.00
 ar51   51.00   18.00   33.00
 ar52   52.00   18.00   34.00
 ar53   53.00   18.00   35.00
 ar54   54.00   18.00   36.00
  k32   32.00   19.00   13.00
  k33   33.00   19.00   14.00
  k34   34.00   19.00   15.00
  k35   35.00   19.00   16.00
  k36   36.00   19.00   17.00
  k37   37.00   19.00   18.00
  k38   38.00   19.00   19.00
  k39   39.00   19.00   20.00
  k40   40.00   19.00   21.00
  k41   41.00   19.00   22.00
  k42   42.00   19.00   23.00
  k43   43.00   19.00   24.00
  k44   44.00   19.00   25.00
  k45   45.00   19.00   26.00
  k46   46.00   19.00   27.00
  k47   47.00   19.00   28.00
  k48   48.00   19.00   29.00
  k49   49.00   19.00   30.00
  k50   50.00   19.00   31.00
  k51   51.00   19.00   32.00
  k52   52.00   19.00   33.00
  k53   53.00   19.00   34.00
  k54   54.00   19.00   35.00
  k55   55.00   19.00   36.00
  k56   56.00   19.00   37.00
 ca34   34.00   20.00   14.00
 ca35   35.00   20.00   15.00
 ca36   36.00   20.00   16.00
 ca37   37.00   20.00   17.00
 ca38   38.00   20.00   18.00
 ca39   39.00   20.00   19.00
 ca40   40.00   20.00   20.00
 ca41   41.00   20.00   21.00
 ca42   42.00   20.00   22.00
 ca43   43.00   20.00   23.00
 ca44   44.00   20.00   24.00
 ca45   45.00   20.00   25.00
 ca46   46.00   20.00   26.00
 ca47   47.00   20.00   27.00
 ca48   48.00   20.00   28.00
 ca49   49.00   20.00   29.00
 ca50   50.00   20.00   30.00
 ca51   51.00   20.00   31.00
 ca52   52.00   20.00   32.00
 ca53   53.00   20.00   33.00
 ca54   54.00   20.00   34.00
 ca55   55.00   20.00   35.00
 ca56   56.00   20.00   36.00
 ca57   57.00   20.00   37.00
 ca58   58.00   20.00   38.00
 ca59   59.00   20.00   39.00
 sc36   36.00   21.00   15.00
 sc37   37.00   21.00   16.00
 sc38   38.00   21.00   17.00
 sc39   39.00   21.00   18.00
 sc40   40.00   21.00   19.00
 sc41   41.00   21.00   20.00
 sc42   42.00   21.00   21.00
 sc43   43.00   21.00   22.00
 sc44   44.00   21.00   23.00
 sc45   45.00   21.00   24.00
 sc46   46.00   21.00   25.00
 sc47   47.00   21.00   26.00
 sc48   48.00   21.00   27.00
 sc49   49.00   21.00   28.00
 sc50   50.00   21.00   29.00
 sc51   51.00   21.00   30.00
 sc52   52.00   21.00   31.00
 sc53   53.00   21.00   32.00
 sc54   54.00   21.00   33.00
 sc55   55.00   21.00   34.00
 sc56   56.00   21.00   35.00
 sc57   57.00   21.00   36.00
 sc58   58.00   21.00   37.00
 sc59   59.00   21.00   38.00
 sc60   60.00   21.00   39.00
 sc61   61.00   21.00   40.00
 sc62   62.00   21.00   41.00
 sc63   63.00   21.00   42.00
 sc64   64.00   21.00   43.00
 ti38   38.00   22.00   16.00
 ti39   39.00   22.00   17.00
 ti40   40.00   22.00   18.00
 ti41   41.00   22.00   19.00
 ti42   42.00   22.00   20.00
 ti43   43.00   22.00   21.00
 ti44   44.00   22.00   22.00
 ti45   45.00   22.00   23.00
 ti46   46.00   22.00   24.00
 ti47   47.00   22.00   25.00
 ti48   48.00   22.00   26.00
 ti49   49.00   22.00   27.00
 ti50   50.00   22.00   28.00
 ti51   51.00   22.00   29.00
 ti52   52.00   22.00   30.00
 ti53   53.00   22.00   31.00
 ti54   54.00   22.00   32.00
 ti55   55.00   22.00   33.00
 ti56   56.00   22.00   34.00
 ti57   57.00   22.00   35.00
 ti58   58.00   22.00   36.00
 ti59   59.00   22.00   37.00
 ti60   60.00   22.00   38.00
 ti61   61.00   22.00   39.00
 ti62   62.00   22.00   40.00
 ti63   63.00   22.00   41.00
 ti64   64.00   22.00   42.00
 ti65   65.00   22.00   43.00
 ti66   66.00   22.00   44.00
 ti67   67.00   22.00   45.00
  v40   40.00   23.00   17.00
  v41   41.00   23.00   18.00
  v42   42.00   23.00   19.00
  v43   43.00   23.00   20.00
  v44   44.00   23.00   21.00
  v45   45.00   23.00   22.00
  v46   46.00   23.00   23.00
  v47   47.00   23.00   24.00
  v48   48.00   23.00   25.00
  v49   49.00   23.00   26.00
  v50   50.00   23.00   27.00
  v51   51.00   23.00   28.00
  v52   52.00   23.00   29.00
  v53   53.00   23.00   30.00
  v54   54.00   23.00   31.00
  v55   55.00   23.00   32.00
  v56   56.00   23.00   33.00
  v57   57.00   23.00   34.00
  v58   58.00   23.00   35.00
  v59   59.00   23.00   36.00
  v60   60.00   23.00   37.00
  v61   61.00   23.00   38.00
  v62   62.00   23.00   39.00
  v63   63.00   23.00   40.00
  v64   64.00   23.00   41.00
  v65   65.00   23.00   42.00
  v66   66.00   23.00   43.00
  v67   67.00   23.00   44.00
  v68   68.00   23.00   45.00
  v69   69.00   23.00   46.00
  v70   70.00   23.00   47.00
  v71   71.00   23.00   48.00
  v72   72.00   23.00   49.00
 cr42   42.00   24.00   18.00
 cr43   43.00   24.00   19.00
 cr44   44.00   24.00   20.00
 cr45   45.00   24.00   21.00
 cr46   46.00   24.00   22.00
 cr47   47.00   24.00   23.00
 cr48   48.00   24.00   24.00
 cr49   49.00   24.00   25.00
 cr50   50.00   24.00   26.00
 cr51   51.00   24.00   27.00
 cr52   52.00   24.00   28.00
 cr53   53.00   24.00   29.00
 cr54   54.00   24.00   30.00
 cr55   55.00   24.00   31.00
 cr56   56.00   24.00   32.00
 cr57   57.00   24.00   33.00
 cr58   58.00   24.00   34.00
 cr59   59.00   24.00   35.00
 cr60   60.00   24.00   36.00
 cr61   61.00   24.00   37.00
 cr62   62.00   24.00   38.00
 cr63   63.00   24.00   39.00
 cr64   64.00   24.00   40.00
 cr65   65.00   24.00   41.00
 cr66   66.00   24.00   42.00
 cr67   67.00   24.00   43.00
 cr68   68.00   24.00   44.00
 cr69   69.00   24.00   45.00
 cr70   70.00   24.00   46.00
 cr71   71.00   24.00   47.00
 cr72   72.00   24.00   48.00
 cr73   73.00   24.00   49.00
 cr74   74.00   24.00   50.00
 cr75   75.00   24.00   51.00
 mn44   44.00   25.00   19.00
 mn45   45.00   25.00   20.00
 mn46   46.00   25.00   21.00
 mn47   47.00   25.00   22.00
 mn48   48.00   25.00   23.00
 mn49   49.00   25.00   24.00
 mn50   50.00   25.00   25.00
 mn51   51.00   25.00   26.00
 mn52   52.00   25.00   27.00
 mn53   53.00   25.00   28.00
 mn54   54.00   25.00   29.00
 mn55   55.00   25.00   30.00
 mn56   56.00   25.00   31.00
 mn57   57.00   25.00   32.00
 mn58   58.00   25.00   33.00
 mn59   59.00   25.00   34.00
 mn60   60.00   25.00   35.00
 mn61   61.00   25.00   36.00
 mn62   62.00   25.00   37.00
 mn63   63.00   25.00   38.00
 mn64   64.00   25.00   39.00
 mn65   65.00   25.00   40.00
 mn66   66.00   25.00   41.00
 mn67   67.00   25.00   42.00
 mn68   68.00   25.00   43.00
 mn69   69.00   25.00   44.00
 mn70   70.00   25.00   45.00
 mn71   71.00   25.00   46.00
 mn72   72.00   25.00   47.00
 mn73   73.00   25.00   48.00
 mn74   74.00   25.00   49.00
 mn75   75.00   25.00   50.00
 mn76   76.00   25.00   51.00
 fe46   46.00   26.00   20.00
 fe47   47.00   26.00   21.00
 fe48   48.00   26.00   22.00
 fe49   49.00   26.00   23.00
 fe50   50.00   26.00   24.00
 fe51   51.00   26.00   25.00
 fe52   52.00   26.00   26.00
 fe53   53.00   26.00   27.00
 fe54   54.00   26.00   28.00
 fe55   55.00   26.00   29.00
 fe56   56.00   26.00   30.00
 fe57   57.00   26.00   31.00
 fe58   58.00   26.00   32.00
 fe59   59.00   26.00   33.00
 fe60   60.00   26.00   34.00
 fe61   61.00   26.00   35.00
 fe62   62.00   26.00   36.00
 fe63   63.00   26.00   37.00
 fe64   64.00   26.00   38.00
 fe65   65.00   26.00   39.00
 fe66   66.00   26.00   40.00
 fe67   67.00   26.00   41.00
 fe68   68.00   26.00   42.00
 fe69   69.00   26.00   43.00
 fe70   70.00   26.00   44.00
 fe71   71.00   26.00   45.00
 fe72   72.00   26.00   46.00
 fe73   73.00   26.00   47.00
 fe74   74.00   26.00   48.00
 fe75   75.00   26.00   49.00
 fe76   76.00   26.00   50.00
 fe77   77.00   26.00   51.00
 fe78   78.00   26.00   52.00
 co48   48.00   27.00   21.00
 co49   49.00   27.00   22.00
 co50   50.00   27.00   23.00
 co51   51.00   27.00   24.00
 co52   52.00   27.00   25.00
 co53   53.00   27.00   26.00
 co54   54.00   27.00   27.00
 co55   55.00   27.00   28.00
 co56   56.00   27.00   29.00
 co57   57.00   27.00   30.00
 co58   58.00   27.00   31.00
 co59   59.00   27.00   32.00
 co60   60.00   27.00   33.00
 co61   61.00   27.00   34.00
 co62   62.00   27.00   35.00
 co63   63.00   27.00   36.00
 co64   64.00   27.00   37.00
 co65   65.00   27.00   38.00
 co66   66.00   27.00   39.00
 co67   67.00   27.00   40.00
 co68   68.00   27.00   41.00
 co69   69.00   27.00   42.00
 co70   70.00   27.00   43.00
 co71   71.00   27.00   44.00
 co72   72.00   27.00   45.00
 co73   73.00   27.00   46.00
 co74   74.00   27.00   47.00
 co75   75.00   27.00   48.00
 co76   76.00   27.00   49.00
 co77   77.00   27.00   50.00
 co78   78.00   27.00   51.00
 co79   79.00   27.00   52.00
 co80   80.00   27.00   53.00
 ni50   50.00   28.00   22.00
 ni51   51.00   28.00   23.00
 ni52   52.00   28.00   24.00
 ni53   53.00   28.00   25.00
 ni54   54.00   28.00   26.00
 ni55   55.00   28.00   27.00
 ni56   56.00   28.00   28.00
 ni57   57.00   28.00   29.00
 ni58   58.00   28.00   30.00
 ni59   59.00   28.00   31.00
 ni60   60.00   28.00   32.00
 ni61   61.00   28.00   33.00
 ni62   62.00   28.00   34.00
 ni63   63.00   28.00   35.00
 ni64   64.00   28.00   36.00
 ni65   65.00   28.00   37.00
 ni66   66.00   28.00   38.00
 ni67   67.00   28.00   39.00
 ni68   68.00   28.00   40.00
 ni69   69.00   28.00   41.00
 ni70   70.00   28.00   42.00
 ni71   71.00   28.00   43.00
 ni72   72.00   28.00   44.00
 ni73   73.00   28.00   45.00
 ni74   74.00   28.00   46.00
 ni75   75.00   28.00   47.00
 ni76   76.00   28.00   48.00
 ni77   77.00   28.00   49.00
 ni78   78.00   28.00   50.00
 ni79   79.00   28.00   51.00
 ni80   80.00   28.00   52.00
 ni81   81.00   28.00   53.00
 ni82   82.00   28.00   54.00
 ni83   83.00   28.00   55.00
 cu52   52.00   29.00   23.00
 cu53   53.00   29.00   24.00
 cu54   54.00   29.00   25.00
 cu55   55.00   29.00   26.00
 cu56   56.00   29.00   27.00
 cu57   57.00   29.00   28.00
 cu58   58.00   29.00   29.00
 cu59   59.00   29.00   30.00
 cu60   60.00   29.00   31.00
 cu61   61.00   29.00   32.00
 cu62   62.00   29.00   33.00
 cu63   63.00   29.00   34.00
 cu64   64.00   29.00   35.00
 cu65   65.00   29.00   36.00
 cu66   66.00   29.00   37.00
 cu67   67.00   29.00   38.00
 cu68   68.00   29.00   39.00
 cu69   69.00   29.00   40.00
 cu70   70.00   29.00   41.00
 cu71   71.00   29.00   42.00
 cu72   72.00   29.00   43.00
 cu73   73.00   29.00   44.00
 cu74   74.00   29.00   45.00
 cu75   75.00   29.00   46.00
 cu76   76.00   29.00   47.00
 cu77   77.00   29.00   48.00
 cu78   78.00   29.00   49.00
 cu79   79.00   29.00   50.00
 cu80   80.00   29.00   51.00
 cu81   81.00   29.00   52.00
 cu82   82.00   29.00   53.00
 cu83   83.00   29.00   54.00
 cu84   84.00   29.00   55.00
 cu85   85.00   29.00   56.00
 cu86   86.00   29.00   57.00
 zn54   54.00   30.00   24.00
 zn55   55.00   30.00   25.00
 zn56   56.00   30.00   26.00
 zn57   57.00   30.00   27.00
 zn58   58.00   30.00   28.00
 zn59   59.00   30.00   29.00
 zn60   60.00   30.00   30.00
 zn61   61.00   30.00   31.00
 zn62   62.00   30.00   32.00
 zn63   63.00   30.00   33.00
 zn64   64.00   30.00   34.00
 zn65   65.00   30.00   35.00
 zn66   66.00   30.00   36.00
 zn67   67.00   30.00   37.00
 zn68   68.00   30.00   38.00
 zn69   69.00   30.00   39.00
 zn70   70.00   30.00   40.00
 zn71   71.00   30.00   41.00
 zn72   72.00   30.00   42.00
 zn73   73.00   30.00   43.00
 zn74   74.00   30.00   44.00
 zn75   75.00   30.00   45.00
 zn76   76.00   30.00   46.00
 zn77   77.00   30.00   47.00
 zn78   78.00   30.00   48.00
 zn79   79.00   30.00   49.00
 zn80   80.00   30.00   50.00
 zn81   81.00   30.00   51.00
 zn82   82.00   30.00   52.00
 zn83   83.00   30.00   53.00
 zn84   84.00   30.00   54.00
 zn85   85.00   30.00   55.00
 zn86   86.00   30.00   56.00
 zn87   87.00   30.00   57.00
 zn88   88.00   30.00   58.00
 zn89   89.00   30.00   59.00
 ga56   56.00   31.00   25.00
 ga57   57.00   31.00   26.00
 ga58   58.00   31.00   27.00
 ga59   59.00   31.00   28.00
 ga60   60.00   31.00   29.00
 ga61   61.00   31.00   30.00
 ga62   62.00   31.00   31.00
 ga63   63.00   31.00   32.00
 ga64   64.00   31.00   33.00
 ga65   65.00   31.00   34.00
 ga66   66.00   31.00   35.00
 ga67   67.00   31.00   36.00
 ga68   68.00   31.00   37.00
 ga69   69.00   31.00   38.00
 ga70   70.00   31.00   39.00
 ga71   71.00   31.00   40.00
 ga72   72.00   31.00   41.00
 ga73   73.00   31.00   42.00
 ga74   74.00   31.00   43.00
 ga75   75.00   31.00   44.00
 ga76   76.00   31.00   45.00
 ga77   77.00   31.00   46.00
 ga78   78.00   31.00   47.00
 ga79   79.00   31.00   48.00
 ga80   80.00   31.00   49.00
 ga81   81.00   31.00   50.00
 ga82   82.00   31.00   51.00
 ga83   83.00   31.00   52.00
 ga84   84.00   31.00   53.00
 ga85   85.00   31.00   54.00
 ga86   86.00   31.00   55.00
 ga87   87.00   31.00   56.00
 ga88   88.00   31.00   57.00
 ga89   89.00   31.00   58.00
 ga90   90.00   31.00   59.00
 ga91   91.00   31.00   60.00
 ga92   92.00   31.00   61.00
 ge58   58.00   32.00   26.00
 ge59   59.00   32.00   27.00
 ge60   60.00   32.00   28.00
 ge61   61.00   32.00   29.00
 ge62   62.00   32.00   30.00
 ge63   63.00   32.00   31.00
 ge64   64.00   32.00   32.00
 ge65   65.00   32.00   33.00
 ge66   66.00   32.00   34.00
 ge67   67.00   32.00   35.00
 ge68   68.00   32.00   36.00
 ge69   69.00   32.00   37.00
 ge70   70.00   32.00   38.00
 ge71   71.00   32.00   39.00
 ge72   72.00   32.00   40.00
 ge73   73.00   32.00   41.00
 ge74   74.00   32.00   42.00
 ge75   75.00   32.00   43.00
 ge76   76.00   32.00   44.00
 ge77   77.00   32.00   45.00
 ge78   78.00   32.00   46.00
 ge79   79.00   32.00   47.00
 ge80   80.00   32.00   48.00
 ge81   81.00   32.00   49.00
 ge82   82.00   32.00   50.00
 ge83   83.00   32.00   51.00
 ge84   84.00   32.00   52.00
 ge85   85.00   32.00   53.00
 ge86   86.00   32.00   54.00
 ge87   87.00   32.00   55.00
 ge88   88.00   32.00   56.00
 ge89   89.00   32.00   57.00
 ge90   90.00   32.00   58.00
 ge91   91.00   32.00   59.00
 ge92   92.00   32.00   60.00
 ge93   93.00   32.00   61.00
 ge94   94.00   32.00   62.00
 ge95   95.00   32.00   63.00
 as60   60.00   33.00   27.00
 as61   61.00   33.00   28.00
 as62   62.00   33.00   29.00
 as63   63.00   33.00   30.00
 as64   64.00   33.00   31.00
 as65   65.00   33.00   32.00
 as66   66.00   33.00   33.00
 as67   67.00   33.00   34.00
 as68   68.00   33.00   35.00
 as69   69.00   33.00   36.00
 as70   70.00   33.00   37.00
 as71   71.00   33.00   38.00
 as72   72.00   33.00   39.00
 as73   73.00   33.00   40.00
 as74   74.00   33.00   41.00
 as75   75.00   33.00   42.00
 as76   76.00   33.00   43.00
 as77   77.00   33.00   44.00
 as78   78.00   33.00   45.00
 as79   79.00   33.00   46.00
 as80   80.00   33.00   47.00
 as81   81.00   33.00   48.00
 as82   82.00   33.00   49.00
 as83   83.00   33.00   50.00
 as84   84.00   33.00   51.00
 as85   85.00   33.00   52.00
 as86   86.00   33.00   53.00
 as87   87.00   33.00   54.00
 as88   88.00   33.00   55.00
 as89   89.00   33.00   56.00
 as90   90.00   33.00   57.00
 as91   91.00   33.00   58.00
 as92   92.00   33.00   59.00
 as93   93.00   33.00   60.00
 as94   94.00   33.00   61.00
 as95   95.00   33.00   62.00
 as96   96.00   33.00   63.00
 as97   97.00   33.00   64.00
 as98   98.00   33.00   65.00
 as99   99.00   33.00   66.00
as100  100.00   33.00   67.00
 se63   63.00   34.00   29.00
 se64   64.00   34.00   30.00
 se65   65.00   34.00   31.00
 se66   66.00   34.00   32.00
 se67   67.00   34.00   33.00
 se68   68.00   34.00   34.00
 se69   69.00   34.00   35.00
 se70   70.00   34.00   36.00
 se71   71.00   34.00   37.00
 se72   72.00   34.00   38.00
 se73   73.00   34.00   39.00
 se74   74.00   34.00   40.00
 se75   75.00   34.00   41.00
 se76   76.00   34.00   42.00
 se77   77.00   34.00   43.00
 se78   78.00   34.00   44.00
 se79   79.00   34.00   45.00
 se80   80.00   34.00   46.00
 se81   81.00   34.00   47.00
 se82   82.00   34.00   48.00
 se83   83.00   34.00   49.00
 se84   84.00   34.00   50.00
 se85   85.00   34.00   51.00
 se86   86.00   34.00   52.00
 se87   87.00   34.00   53.00
 se88   88.00   34.00   54.00
 se89   89.00   34.00   55.00
 se90   90.00   34.00   56.00
 se91   91.00   34.00   57.00
 se92   92.00   34.00   58.00
 se93   93.00   34.00   59.00
 se94   94.00   34.00   60.00
 se95   95.00   34.00   61.00
 se96   96.00   34.00   62.00
 se97   97.00   34.00   63.00
 se98   98.00   34.00   64.00
 se99   99.00   34.00   65.00
se100  100.00   34.00   66.00
se101  101.00   34.00   67.00
se102  102.00   34.00   68.00
se103  103.00   34.00   69.00
 br65   65.00   35.00   30.00
 br66   66.00   35.00   31.00
 br67   67.00   35.00   32.00
 br68   68.00   35.00   33.00
 br69   69.00   35.00   34.00
 br70   70.00   35.00   35.00
 br71   71.00   35.00   36.00
 br72   72.00   35.00   37.00
 br73   73.00   35.00   38.00
 br74   74.00   35.00   39.00
 br75   75.00   35.00   40.00
 br76   76.00   35.00   41.00
 br77   77.00   35.00   42.00
 br78   78.00   35.00   43.00
 br79   79.00   35.00   44.00
 br80   80.00   35.00   45.00
 br81   81.00   35.00   46.00
 br82   82.00   35.00   47.00
 br83   83.00   35.00   48.00
 br84   84.00   35.00   49.00
 br85   85.00   35.00   50.00
 br86   86.00   35.00   51.00
 br87   87.00   35.00   52.00
 br88   88.00   35.00   53.00
 br89   89.00   35.00   54.00
 br90   90.00   35.00   55.00
 br91   91.00   35.00   56.00
 br92   92.00   35.00   57.00
 br93   93.00   35.00   58.00
 br94   94.00   35.00   59.00
 br95   95.00   35.00   60.00
 br96   96.00   35.00   61.00
 br97   97.00   35.00   62.00
 br98   98.00   35.00   63.00
 br99   99.00   35.00   64.00
br100  100.00   35.00   65.00
br101  101.00   35.00   66.00
br102  102.00   35.00   67.00
br103  103.00   35.00   68.00
br104  104.00   35.00   69.00
br105  105.00   35.00   70.00
 kr68   68.00   36.00   32.00
 kr69   69.00   36.00   33.00
 kr70   70.00   36.00   34.00
 kr71   71.00   36.00   35.00
 kr72   72.00   36.00   36.00
 kr73   73.00   36.00   37.00
 kr74   74.00   36.00   38.00
 kr75   75.00   36.00   39.00
 kr76   76.00   36.00   40.00
 kr77   77.00   36.00   41.00
 kr78   78.00   36.00   42.00
 kr79   79.00   36.00   43.00
 kr80   80.00   36.00   44.00
 kr81   81.00   36.00   45.00
 kr82   82.00   36.00   46.00
 kr83   83.00   36.00   47.00
 kr84   84.00   36.00   48.00
 kr85   85.00   36.00   49.00
 kr86   86.00   36.00   50.00
 kr87   87.00   36.00   51.00
 kr88   88.00   36.00   52.00
 kr89   89.00   36.00   53.00
 kr90   90.00   36.00   54.00
 kr91   91.00   36.00   55.00
 kr92   92.00   36.00   56.00
 kr93   93.00   36.00   57.00
 kr94   94.00   36.00   58.00
 kr95   95.00   36.00   59.00
 kr96   96.00   36.00   60.00
 kr97   97.00   36.00   61.00
 kr98   98.00   36.00   62.00
 kr99   99.00   36.00   63.00
kr100  100.00   36.00   64.00
kr101  101.00   36.00   65.00
kr102  102.00   36.00   66.00
kr103  103.00   36.00   67.00
kr104  104.00   36.00   68.00
kr105  105.00   36.00   69.00
kr106  106.00   36.00   70.00
kr107  107.00   36.00   71.00
kr108  108.00   36.00   72.00
 rb74   74.00   37.00   37.00
 rb75   75.00   37.00   38.00
 rb76   76.00   37.00   39.00
 rb77   77.00   37.00   40.00
 rb78   78.00   37.00   41.00
 rb79   79.00   37.00   42.00
 rb80   80.00   37.00   43.00
 rb81   81.00   37.00   44.00
 rb82   82.00   37.00   45.00
 rb83   83.00   37.00   46.00
 rb84   84.00   37.00   47.00
 rb85   85.00   37.00   48.00
 rb86   86.00   37.00   49.00
 rb87   87.00   37.00   50.00
 rb88   88.00   37.00   51.00
 rb89   89.00   37.00   52.00
 rb90   90.00   37.00   53.00
 rb91   91.00   37.00   54.00
 rb92   92.00   37.00   55.00
 rb93   93.00   37.00   56.00
 rb94   94.00   37.00   57.00
 rb95   95.00   37.00   58.00
 rb96   96.00   37.00   59.00
 rb97   97.00   37.00   60.00
 rb98   98.00   37.00   61.00
 rb99   99.00   37.00   62.00
rb100  100.00   37.00   63.00
rb101  101.00   37.00   64.00
rb102  102.00   37.00   65.00
rb103  103.00   37.00   66.00
rb104  104.00   37.00   67.00
rb105  105.00   37.00   68.00
rb106  106.00   37.00   69.00
rb107  107.00   37.00   70.00
rb108  108.00   37.00   71.00
rb109  109.00   37.00   72.00
rb110  110.00   37.00   73.00
rb111  111.00   37.00   74.00
 sr73   73.00   38.00   35.00
 sr74   74.00   38.00   36.00
 sr75   75.00   38.00   37.00
 sr76   76.00   38.00   38.00
 sr77   77.00   38.00   39.00
 sr78   78.00   38.00   40.00
 sr79   79.00   38.00   41.00
 sr80   80.00   38.00   42.00
 sr81   81.00   38.00   43.00
 sr82   82.00   38.00   44.00
 sr83   83.00   38.00   45.00
 sr84   84.00   38.00   46.00
 sr85   85.00   38.00   47.00
 sr86   86.00   38.00   48.00
 sr87   87.00   38.00   49.00
 sr88   88.00   38.00   50.00
 sr89   89.00   38.00   51.00
 sr90   90.00   38.00   52.00
 sr91   91.00   38.00   53.00
 sr92   92.00   38.00   54.00
 sr93   93.00   38.00   55.00
 sr94   94.00   38.00   56.00
 sr95   95.00   38.00   57.00
 sr96   96.00   38.00   58.00
 sr97   97.00   38.00   59.00
 sr98   98.00   38.00   60.00
 sr99   99.00   38.00   61.00
sr100  100.00   38.00   62.00
sr101  101.00   38.00   63.00
sr102  102.00   38.00   64.00
sr103  103.00   38.00   65.00
sr104  104.00   38.00   66.00
sr105  105.00   38.00   67.00
sr106  106.00   38.00   68.00
sr107  107.00   38.00   69.00
sr108  108.00   38.00   70.00
sr109  109.00   38.00   71.00
sr110  110.00   38.00   72.00
sr111  111.00   38.00   73.00
sr112  112.00   38.00   74.00
sr113  113.00   38.00   75.00
sr114  114.00   38.00   76.00
  y75   75.00   39.00   36.00
  y76   76.00   39.00   37.00
  y77   77.00   39.00   38.00
  y78   78.00   39.00   39.00
  y79   79.00   39.00   40.00
  y80   80.00   39.00   41.00
  y81   81.00   39.00   42.00
  y82   82.00   39.00   43.00
  y83   83.00   39.00   44.00
  y84   84.00   39.00   45.00
  y85   85.00   39.00   46.00
  y86   86.00   39.00   47.00
  y87   87.00   39.00   48.00
  y88   88.00   39.00   49.00
  y89   89.00   39.00   50.00
  y90   90.00   39.00   51.00
  y91   91.00   39.00   52.00
  y92   92.00   39.00   53.00
  y93   93.00   39.00   54.00
  y94   94.00   39.00   55.00
  y95   95.00   39.00   56.00
  y96   96.00   39.00   57.00
  y97   97.00   39.00   58.00
  y98   98.00   39.00   59.00
  y99   99.00   39.00   60.00
 y100  100.00   39.00   61.00
 y101  101.00   39.00   62.00
 y102  102.00   39.00   63.00
 y103  103.00   39.00   64.00
 y104  104.00   39.00   65.00
 y105  105.00   39.00   66.00
 y106  106.00   39.00   67.00
 y107  107.00   39.00   68.00
 y108  108.00   39.00   69.00
 y109  109.00   39.00   70.00
 y110  110.00   39.00   71.00
 y111  111.00   39.00   72.00
 y112  112.00   39.00   73.00
 y113  113.00   39.00   74.00
 y114  114.00   39.00   75.00
 y115  115.00   39.00   76.00
 y116  116.00   39.00   77.00
 y117  117.00   39.00   78.00
 y118  118.00   39.00   79.00
 y119  119.00   39.00   80.00
 zr77   77.00   40.00   37.00
 zr78   78.00   40.00   38.00
 zr79   79.00   40.00   39.00
 zr80   80.00   40.00   40.00
 zr81   81.00   40.00   41.00
 zr82   82.00   40.00   42.00
 zr83   83.00   40.00   43.00
 zr84   84.00   40.00   44.00
 zr85   85.00   40.00   45.00
 zr86   86.00   40.00   46.00
 zr87   87.00   40.00   47.00
 zr88   88.00   40.00   48.00
 zr89   89.00   40.00   49.00
 zr90   90.00   40.00   50.00
 zr91   91.00   40.00   51.00
 zr92   92.00   40.00   52.00
 zr93   93.00   40.00   53.00
 zr94   94.00   40.00   54.00
 zr95   95.00   40.00   55.00
 zr96   96.00   40.00   56.00
 zr97   97.00   40.00   57.00
 zr98   98.00   40.00   58.00
 zr99   99.00   40.00   59.00
zr100  100.00   40.00   60.00
zr101  101.00   40.00   61.00
zr102  102.00   40.00   62.00
zr103  103.00   40.00   63.00
zr104  104.00   40.00   64.00
zr105  105.00   40.00   65.00
zr106  106.00   40.00   66.00
zr107  107.00   40.00   67.00
zr108  108.00   40.00   68.00
zr109  109.00   40.00   69.00
zr110  110.00   40.00   70.00
zr111  111.00   40.00   71.00
zr112  112.00   40.00   72.00
zr113  113.00   40.00   73.00
zr114  114.00   40.00   74.00
zr115  115.00   40.00   75.00
zr116  116.00   40.00   76.00
zr117  117.00   40.00   77.00
zr118  118.00   40.00   78.00
zr119  119.00   40.00   79.00
zr120  120.00   40.00   80.00
zr121  121.00   40.00   81.00
zr122  122.00   40.00   82.00
 nb80   80.00   41.00   39.00
 nb81   81.00   41.00   40.00
 nb82   82.00   41.00   41.00
 nb83   83.00   41.00   42.00
 nb84   84.00   41.00   43.00
 nb85   85.00   41.00   44.00
 nb86   86.00   41.00   45.00
 nb87   87.00   41.00   46.00
 nb88   88.00   41.00   47.00
 nb89   89.00   41.00   48.00
 nb90   90.00   41.00   49.00
 nb91   91.00   41.00   50.00
 nb92   92.00   41.00   51.00
 nb93   93.00   41.00   52.00
 nb94   94.00   41.00   53.00
 nb95   95.00   41.00   54.00
 nb96   96.00   41.00   55.00
 nb97   97.00   41.00   56.00
 nb98   98.00   41.00   57.00
 nb99   99.00   41.00   58.00
nb100  100.00   41.00   59.00
nb101  101.00   41.00   60.00
nb102  102.00   41.00   61.00
nb103  103.00   41.00   62.00
nb104  104.00   41.00   63.00
nb105  105.00   41.00   64.00
nb106  106.00   41.00   65.00
nb107  107.00   41.00   66.00
nb108  108.00   41.00   67.00
nb109  109.00   41.00   68.00
nb110  110.00   41.00   69.00
nb111  111.00   41.00   70.00
nb112  112.00   41.00   71.00
nb113  113.00   41.00   72.00
nb114  114.00   41.00   73.00
nb115  115.00   41.00   74.00
nb116  116.00   41.00   75.00
nb117  117.00   41.00   76.00
nb118  118.00   41.00   77.00
nb119  119.00   41.00   78.00
nb120  120.00   41.00   79.00
nb121  121.00   41.00   80.00
nb122  122.00   41.00   81.00
nb123  123.00   41.00   82.00
nb124  124.00   41.00   83.00
 mo82   82.00   42.00   40.00
 mo83   83.00   42.00   41.00
 mo84   84.00   42.00   42.00
 mo85   85.00   42.00   43.00
 mo86   86.00   42.00   44.00
 mo87   87.00   42.00   45.00
 mo88   88.00   42.00   46.00
 mo89   89.00   42.00   47.00
 mo90   90.00   42.00   48.00
 mo91   91.00   42.00   49.00
 mo92   92.00   42.00   50.00
 mo93   93.00   42.00   51.00
 mo94   94.00   42.00   52.00
 mo95   95.00   42.00   53.00
 mo96   96.00   42.00   54.00
 mo97   97.00   42.00   55.00
 mo98   98.00   42.00   56.00
 mo99   99.00   42.00   57.00
mo100  100.00   42.00   58.00
mo101  101.00   42.00   59.00
mo102  102.00   42.00   60.00
mo103  103.00   42.00   61.00
mo104  104.00   42.00   62.00
mo105  105.00   42.00   63.00
mo106  106.00   42.00   64.00
mo107  107.00   42.00   65.00
mo108  108.00   42.00   66.00
mo109  109.00   42.00   67.00
mo110  110.00   42.00   68.00
mo111  111.00   42.00   69.00
mo112  112.00   42.00   70.00
mo113  113.00   42.00   71.00
mo114  114.00   42.00   72.00
mo115  115.00   42.00   73.00
mo116  116.00   42.00   74.00
mo117  117.00   42.00   75.00
mo118  118.00   42.00   76.00
mo119  119.00   42.00   77.00
mo120  120.00   42.00   78.00
mo121  121.00   42.00   79.00
mo122  122.00   42.00   80.00
mo123  123.00   42.00   81.00
mo124  124.00   42.00   82.00
mo125  125.00   42.00   83.00
 tc85   85.00   43.00   42.00
 tc86   86.00   43.00   43.00
 tc87   87.00   43.00   44.00
 tc88   88.00   43.00   45.00
 tc89   89.00   43.00   46.00
 tc90   90.00   43.00   47.00
 tc91   91.00   43.00   48.00
 tc92   92.00   43.00   49.00
 tc93   93.00   43.00   50.00
 tc94   94.00   43.00   51.00
 tc95   95.00   43.00   52.00
 tc96   96.00   43.00   53.00
 tc97   97.00   43.00   54.00
 tc98   98.00   43.00   55.00
 tc99   99.00   43.00   56.00
tc100  100.00   43.00   57.00
tc101  101.00   43.00   58.00
tc102  102.00   43.00   59.00
tc103  103.00   43.00   60.00
tc104  104.00   43.00   61.00
tc105  105.00   43.00   62.00
tc106  106.00   43.00   63.00
tc107  107.00   43.00   64.00
tc108  108.00   43.00   65.00
tc109  109.00   43.00   66.00
tc110  110.00   43.00   67.00
tc111  111.00   43.00   68.00
tc112  112.00   43.00   69.00
tc113  113.00   43.00   70.00
tc114  114.00   43.00   71.00
tc115  115.00   43.00   72.00
tc116  116.00   43.00   73.00
tc117  117.00   43.00   74.00
tc118  118.00   43.00   75.00
tc119  119.00   43.00   76.00
tc120  120.00   43.00   77.00
tc121  121.00   43.00   78.00
tc122  122.00   43.00   79.00
tc123  123.00   43.00   80.00
tc124  124.00   43.00   81.00
tc125  125.00   43.00   82.00
tc126  126.00   43.00   83.00
 ru86   86.00   44.00   42.00
 ru87   87.00   44.00   43.00
 ru88   88.00   44.00   44.00
 ru89   89.00   44.00   45.00
 ru90   90.00   44.00   46.00
 ru91   91.00   44.00   47.00
 ru92   92.00   44.00   48.00
 ru93   93.00   44.00   49.00
 ru94   94.00   44.00   50.00
 ru95   95.00   44.00   51.00
 ru96   96.00   44.00   52.00
 ru97   97.00   44.00   53.00
 ru98   98.00   44.00   54.00
 ru99   99.00   44.00   55.00
ru100  100.00   44.00   56.00
ru101  101.00   44.00   57.00
ru102  102.00   44.00   58.00
ru103  103.00   44.00   59.00
ru104  104.00   44.00   60.00
ru105  105.00   44.00   61.00
ru106  106.00   44.00   62.00
ru107  107.00   44.00   63.00
ru108  108.00   44.00   64.00
ru109  109.00   44.00   65.00
ru110  110.00   44.00   66.00
ru111  111.00   44.00   67.00
ru112  112.00   44.00   68.00
ru113  113.00   44.00   69.00
ru114  114.00   44.00   70.00
ru115  115.00   44.00   71.00
ru116  116.00   44.00   72.00
ru117  117.00   44.00   73.00
ru118  118.00   44.00   74.00
ru119  119.00   44.00   75.00
ru120  120.00   44.00   76.00
ru121  121.00   44.00   77.00
ru122  122.00   44.00   78.00
ru123  123.00   44.00   79.00
ru124  124.00   44.00   80.00
ru125  125.00   44.00   81.00
ru126  126.00   44.00   82.00
ru127  127.00   44.00   83.00
ru128  128.00   44.00   84.00
 rh89   89.00   45.00   44.00
 rh90   90.00   45.00   45.00
 rh91   91.00   45.00   46.00
 rh92   92.00   45.00   47.00
 rh93   93.00   45.00   48.00
 rh94   94.00   45.00   49.00
 rh95   95.00   45.00   50.00
 rh96   96.00   45.00   51.00
 rh97   97.00   45.00   52.00
 rh98   98.00   45.00   53.00
 rh99   99.00   45.00   54.00
rh100  100.00   45.00   55.00
rh101  101.00   45.00   56.00
rh102  102.00   45.00   57.00
rh103  103.00   45.00   58.00
rh104  104.00   45.00   59.00
rh105  105.00   45.00   60.00
rh106  106.00   45.00   61.00
rh107  107.00   45.00   62.00
rh108  108.00   45.00   63.00
rh109  109.00   45.00   64.00
rh110  110.00   45.00   65.00
rh111  111.00   45.00   66.00
rh112  112.00   45.00   67.00
rh113  113.00   45.00   68.00
rh114  114.00   45.00   69.00
rh115  115.00   45.00   70.00
rh116  116.00   45.00   71.00
rh117  117.00   45.00   72.00
rh118  118.00   45.00   73.00
rh119  119.00   45.00   74.00
rh120  120.00   45.00   75.00
rh121  121.00   45.00   76.00
rh122  122.00   45.00   77.00
rh123  123.00   45.00   78.00
rh124  124.00   45.00   79.00
rh125  125.00   45.00   80.00
rh126  126.00   45.00   81.00
rh127  127.00   45.00   82.00
rh128  128.00   45.00   83.00
rh129  129.00   45.00   84.00
rh130  130.00   45.00   85.00
 pd91   91.00   46.00   45.00
 pd92   92.00   46.00   46.00
 pd93   93.00   46.00   47.00
 pd94   94.00   46.00   48.00
 pd95   95.00   46.00   49.00
 pd96   96.00   46.00   50.00
 pd97   97.00   46.00   51.00
 pd98   98.00   46.00   52.00
 pd99   99.00   46.00   53.00
pd100  100.00   46.00   54.00
pd101  101.00   46.00   55.00
pd102  102.00   46.00   56.00
pd103  103.00   46.00   57.00
pd104  104.00   46.00   58.00
pd105  105.00   46.00   59.00
pd106  106.00   46.00   60.00
pd107  107.00   46.00   61.00
pd108  108.00   46.00   62.00
pd109  109.00   46.00   63.00
pd110  110.00   46.00   64.00
pd111  111.00   46.00   65.00
pd112  112.00   46.00   66.00
pd113  113.00   46.00   67.00
pd114  114.00   46.00   68.00
pd115  115.00   46.00   69.00
pd116  116.00   46.00   70.00
pd117  117.00   46.00   71.00
pd118  118.00   46.00   72.00
pd119  119.00   46.00   73.00
pd120  120.00   46.00   74.00
pd121  121.00   46.00   75.00
pd122  122.00   46.00   76.00
pd123  123.00   46.00   77.00
pd124  124.00   46.00   78.00
pd125  125.00   46.00   79.00
pd126  126.00   46.00   80.00
pd127  127.00   46.00   81.00
pd128  128.00   46.00   82.00
pd129  129.00   46.00   83.00
pd130  130.00   46.00   84.00
pd131  131.00   46.00   85.00
pd132  132.00   46.00   86.00
 ag93   93.00   47.00   46.00
 ag94   94.00   47.00   47.00
 ag95   95.00   47.00   48.00
 ag96   96.00   47.00   49.00
 ag97   97.00   47.00   50.00
 ag98   98.00   47.00   51.00
 ag99   99.00   47.00   52.00
ag100  100.00   47.00   53.00
ag101  101.00   47.00   54.00
ag102  102.00   47.00   55.00
ag103  103.00   47.00   56.00
ag104  104.00   47.00   57.00
ag105  105.00   47.00   58.00
ag106  106.00   47.00   59.00
ag107  107.00   47.00   60.00
ag108  108.00   47.00   61.00
ag109  109.00   47.00   62.00
ag110  110.00   47.00   63.00
ag111  111.00   47.00   64.00
ag112  112.00   47.00   65.00
ag113  113.00   47.00   66.00
ag114  114.00   47.00   67.00
ag115  115.00   47.00   68.00
ag116  116.00   47.00   69.00
ag117  117.00   47.00   70.00
ag118  118.00   47.00   71.00
ag119  119.00   47.00   72.00
ag120  120.00   47.00   73.00
ag121  121.00   47.00   74.00
ag122  122.00   47.00   75.00
ag123  123.00   47.00   76.00
ag124  124.00   47.00   77.00
ag125  125.00   47.00   78.00
ag126  126.00   47.00   79.00
ag127  127.00   47.00   80.00
ag128  128.00   47.00   81.00
ag129  129.00   47.00   82.00
ag130  130.00   47.00   83.00
ag131  131.00   47.00   84.00
ag132  132.00   47.00   85.00
ag133  133.00   47.00   86.00
ag134  134.00   47.00   87.00
 cd95   95.00   48.00   47.00
 cd96   96.00   48.00   48.00
 cd97   97.00   48.00   49.00
 cd98   98.00   48.00   50.00
 cd99   99.00   48.00   51.00
cd100  100.00   48.00   52.00
cd101  101.00   48.00   53.00
cd102  102.00   48.00   54.00
cd103  103.00   48.00   55.00
cd104  104.00   48.00   56.00
cd105  105.00   48.00   57.00
cd106  106.00   48.00   58.00
cd107  107.00   48.00   59.00
cd108  108.00   48.00   60.00
cd109  109.00   48.00   61.00
cd110  110.00   48.00   62.00
cd111  111.00   48.00   63.00
cd112  112.00   48.00   64.00
cd113  113.00   48.00   65.00
cd114  114.00   48.00   66.00
cd115  115.00   48.00   67.00
cd116  116.00   48.00   68.00
cd117  117.00   48.00   69.00
cd118  118.00   48.00   70.00
cd119  119.00   48.00   71.00
cd120  120.00   48.00   72.00
cd121  121.00   48.00   73.00
cd122  122.00   48.00   74.00
cd123  123.00   48.00   75.00
cd124  124.00   48.00   76.00
cd125  125.00   48.00   77.00
cd126  126.00   48.00   78.00
cd127  127.00   48.00   79.00
cd128  128.00   48.00   80.00
cd129  129.00   48.00   81.00
cd130  130.00   48.00   82.00
cd131  131.00   48.00   83.00
cd132  132.00   48.00   84.00
cd133  133.00   48.00   85.00
cd134  134.00   48.00   86.00
 in97   97.00   49.00   48.00
 in98   98.00   49.00   49.00
 in99   99.00   49.00   50.00
in100  100.00   49.00   51.00
in101  101.00   49.00   52.00
in102  102.00   49.00   53.00
in103  103.00   49.00   54.00
in104  104.00   49.00   55.00
in105  105.00   49.00   56.00
in106  106.00   49.00   57.00
in107  107.00   49.00   58.00
in108  108.00   49.00   59.00
in109  109.00   49.00   60.00
in110  110.00   49.00   61.00
in111  111.00   49.00   62.00
in112  112.00   49.00   63.00
in113  113.00   49.00   64.00
in114  114.00   49.00   65.00
in115  115.00   49.00   66.00
in116  116.00   49.00   67.00
in117  117.00   49.00   68.00
in118  118.00   49.00   69.00
in119  119.00   49.00   70.00
in120  120.00   49.00   71.00
in121  121.00   49.00   72.00
in122  122.00   49.00   73.00
in123  123.00   49.00   74.00
in124  124.00   49.00   75.00
in125  125.00   49.00   76.00
in126  126.00   49.00   77.00
in127  127.00   49.00   78.00
in128  128.00   49.00   79.00
in129  129.00   49.00   80.00
in130  130.00   49.00   81.00
in131  131.00   49.00   82.00
in132  132.00   49.00   83.00
in133  133.00   49.00   84.00
in134  134.00   49.00   85.00
in135  135.00   49.00   86.00
in136  136.00   49.00   87.00
in137  137.00   49.00   88.00
in138  138.00   49.00   89.00
in139  139.00   49.00   90.00
in140  140.00   49.00   91.00
in141  141.00   49.00   92.00
in142  142.00   49.00   93.00
in143  143.00   49.00   94.00
in144  144.00   49.00   95.00
in145  145.00   49.00   96.00
in146  146.00   49.00   97.00
in147  147.00   49.00   98.00
in148  148.00   49.00   99.00
in149  149.00   49.00  100.00
 sn99   99.00   50.00   49.00
sn100  100.00   50.00   50.00
sn101  101.00   50.00   51.00
sn102  102.00   50.00   52.00
sn103  103.00   50.00   53.00
sn104  104.00   50.00   54.00
sn105  105.00   50.00   55.00
sn106  106.00   50.00   56.00
sn107  107.00   50.00   57.00
sn108  108.00   50.00   58.00
sn109  109.00   50.00   59.00
sn110  110.00   50.00   60.00
sn111  111.00   50.00   61.00
sn112  112.00   50.00   62.00
sn113  113.00   50.00   63.00
sn114  114.00   50.00   64.00
sn115  115.00   50.00   65.00
sn116  116.00   50.00   66.00
sn117  117.00   50.00   67.00
sn118  118.00   50.00   68.00
sn119  119.00   50.00   69.00
sn120  120.00   50.00   70.00
sn121  121.00   50.00   71.00
sn122  122.00   50.00   72.00
sn123  123.00   50.00   73.00
sn124  124.00   50.00   74.00
sn125  125.00   50.00   75.00
sn126  126.00   50.00   76.00
sn127  127.00   50.00   77.00
sn128  128.00   50.00   78.00
sn129  129.00   50.00   79.00
sn130  130.00   50.00   80.00
sn131  131.00   50.00   81.00
sn132  132.00   50.00   82.00
sn133  133.00   50.00   83.00
sn134  134.00   50.00   84.00
sn135  135.00   50.00   85.00
sn136  136.00   50.00   86.00
sn137  137.00   50.00   87.00
sn138  138.00   50.00   88.00
sn139  139.00   50.00   89.00
sn140  140.00   50.00   90.00
sn141  141.00   50.00   91.00
sn142  142.00   50.00   92.00
sn143  143.00   50.00   93.00
sn144  144.00   50.00   94.00
sn145  145.00   50.00   95.00
sn146  146.00   50.00   96.00
sn147  147.00   50.00   97.00
sn148  148.00   50.00   98.00
sn149  149.00   50.00   99.00
sn150  150.00   50.00  100.00
sn151  151.00   50.00  101.00
sn152  152.00   50.00  102.00
sb105  105.00   51.00   54.00
sb106  106.00   51.00   55.00
sb107  107.00   51.00   56.00
sb108  108.00   51.00   57.00
sb109  109.00   51.00   58.00
sb110  110.00   51.00   59.00
sb111  111.00   51.00   60.00
sb112  112.00   51.00   61.00
sb113  113.00   51.00   62.00
sb114  114.00   51.00   63.00
sb115  115.00   51.00   64.00
sb116  116.00   51.00   65.00
sb117  117.00   51.00   66.00
sb118  118.00   51.00   67.00
sb119  119.00   51.00   68.00
sb120  120.00   51.00   69.00
sb121  121.00   51.00   70.00
sb122  122.00   51.00   71.00
sb123  123.00   51.00   72.00
sb124  124.00   51.00   73.00
sb125  125.00   51.00   74.00
sb126  126.00   51.00   75.00
sb127  127.00   51.00   76.00
sb128  128.00   51.00   77.00
sb129  129.00   51.00   78.00
sb130  130.00   51.00   79.00
sb131  131.00   51.00   80.00
sb132  132.00   51.00   81.00
sb133  133.00   51.00   82.00
sb134  134.00   51.00   83.00
sb135  135.00   51.00   84.00
sb136  136.00   51.00   85.00
sb137  137.00   51.00   86.00
sb138  138.00   51.00   87.00
sb139  139.00   51.00   88.00
sb140  140.00   51.00   89.00
sb141  141.00   51.00   90.00
sb142  142.00   51.00   91.00
sb143  143.00   51.00   92.00
sb144  144.00   51.00   93.00
sb145  145.00   51.00   94.00
sb146  146.00   51.00   95.00
sb147  147.00   51.00   96.00
sb148  148.00   51.00   97.00
sb149  149.00   51.00   98.00
sb150  150.00   51.00   99.00
sb151  151.00   51.00  100.00
te104  104.00   52.00   52.00
te105  105.00   52.00   53.00
te106  106.00   52.00   54.00
te107  107.00   52.00   55.00
te108  108.00   52.00   56.00
te109  109.00   52.00   57.00
te110  110.00   52.00   58.00
te111  111.00   52.00   59.00
te112  112.00   52.00   60.00
te113  113.00   52.00   61.00
te114  114.00   52.00   62.00
te115  115.00   52.00   63.00
te116  116.00   52.00   64.00
te117  117.00   52.00   65.00
te118  118.00   52.00   66.00
te119  119.00   52.00   67.00
te120  120.00   52.00   68.00
te121  121.00   52.00   69.00
te122  122.00   52.00   70.00
te123  123.00   52.00   71.00
te124  124.00   52.00   72.00
te125  125.00   52.00   73.00
te126  126.00   52.00   74.00
te127  127.00   52.00   75.00
te128  128.00   52.00   76.00
te129  129.00   52.00   77.00
te130  130.00   52.00   78.00
te131  131.00   52.00   79.00
te132  132.00   52.00   80.00
te133  133.00   52.00   81.00
te134  134.00   52.00   82.00
te135  135.00   52.00   83.00
te136  136.00   52.00   84.00
te137  137.00   52.00   85.00
te138  138.00   52.00   86.00
te139  139.00   52.00   87.00
te140  140.00   52.00   88.00
te141  141.00   52.00   89.00
te142  142.00   52.00   90.00
te143  143.00   52.00   91.00
te144  144.00   52.00   92.00
te145  145.00   52.00   93.00
te146  146.00   52.00   94.00
te147  147.00   52.00   95.00
te148  148.00   52.00   96.00
te149  149.00   52.00   97.00
te150  150.00   52.00   98.00
te151  151.00   52.00   99.00
te152  152.00   52.00  100.00
te153  153.00   52.00  101.00
te154  154.00   52.00  102.00
 i108  108.00   53.00   55.00
 i109  109.00   53.00   56.00
 i110  110.00   53.00   57.00
 i111  111.00   53.00   58.00
 i112  112.00   53.00   59.00
 i113  113.00   53.00   60.00
 i114  114.00   53.00   61.00
 i115  115.00   53.00   62.00
 i116  116.00   53.00   63.00
 i117  117.00   53.00   64.00
 i118  118.00   53.00   65.00
 i119  119.00   53.00   66.00
 i120  120.00   53.00   67.00
 i121  121.00   53.00   68.00
 i122  122.00   53.00   69.00
 i123  123.00   53.00   70.00
 i124  124.00   53.00   71.00
 i125  125.00   53.00   72.00
 i126  126.00   53.00   73.00
 i127  127.00   53.00   74.00
 i128  128.00   53.00   75.00
 i129  129.00   53.00   76.00
 i130  130.00   53.00   77.00
 i131  131.00   53.00   78.00
 i132  132.00   53.00   79.00
 i133  133.00   53.00   80.00
 i134  134.00   53.00   81.00
 i135  135.00   53.00   82.00
 i136  136.00   53.00   83.00
 i137  137.00   53.00   84.00
 i138  138.00   53.00   85.00
 i139  139.00   53.00   86.00
 i140  140.00   53.00   87.00
 i141  141.00   53.00   88.00
 i142  142.00   53.00   89.00
 i143  143.00   53.00   90.00
 i144  144.00   53.00   91.00
 i145  145.00   53.00   92.00
 i146  146.00   53.00   93.00
 i147  147.00   53.00   94.00
 i148  148.00   53.00   95.00
 i149  149.00   53.00   96.00
 i150  150.00   53.00   97.00
 i151  151.00   53.00   98.00
 i152  152.00   53.00   99.00
 i153  153.00   53.00  100.00
 i154  154.00   53.00  101.00
 i155  155.00   53.00  102.00
 i156  156.00   53.00  103.00
 i157  157.00   53.00  104.00
 i158  158.00   53.00  105.00
xe108  108.00   54.00   54.00
xe109  109.00   54.00   55.00
xe110  110.00   54.00   56.00
xe111  111.00   54.00   57.00
xe112  112.00   54.00   58.00
xe113  113.00   54.00   59.00
xe114  114.00   54.00   60.00
xe115  115.00   54.00   61.00
xe116  116.00   54.00   62.00
xe117  117.00   54.00   63.00
xe118  118.00   54.00   64.00
xe119  119.00   54.00   65.00
xe120  120.00   54.00   66.00
xe121  121.00   54.00   67.00
xe122  122.00   54.00   68.00
xe123  123.00   54.00   69.00
xe124  124.00   54.00   70.00
xe125  125.00   54.00   71.00
xe126  126.00   54.00   72.00
xe127  127.00   54.00   73.00
xe128  128.00   54.00   74.00
xe129  129.00   54.00   75.00
xe130  130.00   54.00   76.00
xe131  131.00   54.00   77.00
xe132  132.00   54.00   78.00
xe133  133.00   54.00   79.00
xe134  134.00   54.00   80.00
xe135  135.00   54.00   81.00
xe136  136.00   54.00   82.00
xe137  137.00   54.00   83.00
xe138  138.00   54.00   84.00
xe139  139.00   54.00   85.00
xe140  140.00   54.00   86.00
xe141  141.00   54.00   87.00
xe142  142.00   54.00   88.00
xe143  143.00   54.00   89.00
xe144  144.00   54.00   90.00
xe145  145.00   54.00   91.00
xe146  146.00   54.00   92.00
xe147  147.00   54.00   93.00
xe148  148.00   54.00   94.00
xe149  149.00   54.00   95.00
xe150  150.00   54.00   96.00
xe151  151.00   54.00   97.00
xe152  152.00   54.00   98.00
xe153  153.00   54.00   99.00
xe154  154.00   54.00  100.00
xe155  155.00   54.00  101.00
xe156  156.00   54.00  102.00
xe157  157.00   54.00  103.00
xe158  158.00   54.00  104.00
xe159  159.00   54.00  105.00
xe160  160.00   54.00  106.00
xe161  161.00   54.00  107.00
cs118  118.00   55.00   63.00
cs119  119.00   55.00   64.00
cs120  120.00   55.00   65.00
cs121  121.00   55.00   66.00
cs122  122.00   55.00   67.00
cs123  123.00   55.00   68.00
cs124  124.00   55.00   69.00
cs125  125.00   55.00   70.00
cs126  126.00   55.00   71.00
cs127  127.00   55.00   72.00
cs128  128.00   55.00   73.00
cs129  129.00   55.00   74.00
cs130  130.00   55.00   75.00
cs131  131.00   55.00   76.00
cs132  132.00   55.00   77.00
cs133  133.00   55.00   78.00
cs134  134.00   55.00   79.00
cs135  135.00   55.00   80.00
cs136  136.00   55.00   81.00
cs137  137.00   55.00   82.00
cs138  138.00   55.00   83.00
cs139  139.00   55.00   84.00
cs140  140.00   55.00   85.00
cs141  141.00   55.00   86.00
cs142  142.00   55.00   87.00
cs143  143.00   55.00   88.00
cs144  144.00   55.00   89.00
cs145  145.00   55.00   90.00
cs146  146.00   55.00   91.00
cs147  147.00   55.00   92.00
cs148  148.00   55.00   93.00
cs149  149.00   55.00   94.00
cs150  150.00   55.00   95.00
cs151  151.00   55.00   96.00
cs152  152.00   55.00   97.00
cs153  153.00   55.00   98.00
cs154  154.00   55.00   99.00
cs155  155.00   55.00  100.00
cs156  156.00   55.00  101.00
cs157  157.00   55.00  102.00
cs158  158.00   55.00  103.00
cs159  159.00   55.00  104.00
cs160  160.00   55.00  105.00
cs161  161.00   55.00  106.00
cs162  162.00   55.00  107.00
cs163  163.00   55.00  108.00
cs164  164.00   55.00  109.00
cs165  165.00   55.00  110.00
ba119  119.00   56.00   63.00
ba120  120.00   56.00   64.00
ba121  121.00   56.00   65.00
ba122  122.00   56.00   66.00
ba123  123.00   56.00   67.00
ba124  124.00   56.00   68.00
ba125  125.00   56.00   69.00
ba126  126.00   56.00   70.00
ba127  127.00   56.00   71.00
ba128  128.00   56.00   72.00
ba129  129.00   56.00   73.00
ba130  130.00   56.00   74.00
ba131  131.00   56.00   75.00
ba132  132.00   56.00   76.00
ba133  133.00   56.00   77.00
ba134  134.00   56.00   78.00
ba135  135.00   56.00   79.00
ba136  136.00   56.00   80.00
ba137  137.00   56.00   81.00
ba138  138.00   56.00   82.00
ba139  139.00   56.00   83.00
ba140  140.00   56.00   84.00
ba141  141.00   56.00   85.00
ba142  142.00   56.00   86.00
ba143  143.00   56.00   87.00
ba144  144.00   56.00   88.00
ba145  145.00   56.00   89.00
ba146  146.00   56.00   90.00
ba147  147.00   56.00   91.00
ba148  148.00   56.00   92.00
ba149  149.00   56.00   93.00
ba150  150.00   56.00   94.00
ba151  151.00   56.00   95.00
ba152  152.00   56.00   96.00
ba153  153.00   56.00   97.00
ba154  154.00   56.00   98.00
ba155  155.00   56.00   99.00
ba156  156.00   56.00  100.00
ba157  157.00   56.00  101.00
ba158  158.00   56.00  102.00
ba159  159.00   56.00  103.00
ba160  160.00   56.00  104.00
ba161  161.00   56.00  105.00
ba162  162.00   56.00  106.00
ba163  163.00   56.00  107.00
ba164  164.00   56.00  108.00
ba165  165.00   56.00  109.00
ba166  166.00   56.00  110.00
ba167  167.00   56.00  111.00
ba168  168.00   56.00  112.00
la122  122.00   57.00   65.00
la123  123.00   57.00   66.00
la124  124.00   57.00   67.00
la125  125.00   57.00   68.00
la126  126.00   57.00   69.00
la127  127.00   57.00   70.00
la128  128.00   57.00   71.00
la129  129.00   57.00   72.00
la130  130.00   57.00   73.00
la131  131.00   57.00   74.00
la132  132.00   57.00   75.00
la133  133.00   57.00   76.00
la134  134.00   57.00   77.00
la135  135.00   57.00   78.00
la136  136.00   57.00   79.00
la137  137.00   57.00   80.00
la138  138.00   57.00   81.00
la139  139.00   57.00   82.00
la140  140.00   57.00   83.00
la141  141.00   57.00   84.00
la142  142.00   57.00   85.00
la143  143.00   57.00   86.00
la144  144.00   57.00   87.00
la145  145.00   57.00   88.00
la146  146.00   57.00   89.00
la147  147.00   57.00   90.00
la148  148.00   57.00   91.00
la149  149.00   57.00   92.00
la150  150.00   57.00   93.00
la151  151.00   57.00   94.00
la152  152.00   57.00   95.00
la153  153.00   57.00   96.00
la154  154.00   57.00   97.00
la155  155.00   57.00   98.00
la156  156.00   57.00   99.00
la157  157.00   57.00  100.00
la158  158.00   57.00  101.00
la159  159.00   57.00  102.00
la160  160.00   57.00  103.00
la161  161.00   57.00  104.00
la162  162.00   57.00  105.00
la163  163.00   57.00  106.00
la164  164.00   57.00  107.00
la165  165.00   57.00  108.00
la166  166.00   57.00  109.00
la167  167.00   57.00  110.00
la168  168.00   57.00  111.00
la169  169.00   57.00  112.00
la170  170.00   57.00  113.00
la171  171.00   57.00  114.00
la172  172.00   57.00  115.00
ce122  122.00   58.00   64.00
ce123  123.00   58.00   65.00
ce124  124.00   58.00   66.00
ce125  125.00   58.00   67.00
ce126  126.00   58.00   68.00
ce127  127.00   58.00   69.00
ce128  128.00   58.00   70.00
ce129  129.00   58.00   71.00
ce130  130.00   58.00   72.00
ce131  131.00   58.00   73.00
ce132  132.00   58.00   74.00
ce133  133.00   58.00   75.00
ce134  134.00   58.00   76.00
ce135  135.00   58.00   77.00
ce136  136.00   58.00   78.00
ce137  137.00   58.00   79.00
ce138  138.00   58.00   80.00
ce139  139.00   58.00   81.00
ce140  140.00   58.00   82.00
ce141  141.00   58.00   83.00
ce142  142.00   58.00   84.00
ce143  143.00   58.00   85.00
ce144  144.00   58.00   86.00
ce145  145.00   58.00   87.00
ce146  146.00   58.00   88.00
ce147  147.00   58.00   89.00
ce148  148.00   58.00   90.00
ce149  149.00   58.00   91.00
ce150  150.00   58.00   92.00
ce151  151.00   58.00   93.00
ce152  152.00   58.00   94.00
ce153  153.00   58.00   95.00
ce154  154.00   58.00   96.00
ce155  155.00   58.00   97.00
ce156  156.00   58.00   98.00
ce157  157.00   58.00   99.00
ce158  158.00   58.00  100.00
ce159  159.00   58.00  101.00
ce160  160.00   58.00  102.00
ce161  161.00   58.00  103.00
ce162  162.00   58.00  104.00
ce163  163.00   58.00  105.00
ce164  164.00   58.00  106.00
ce165  165.00   58.00  107.00
ce166  166.00   58.00  108.00
ce167  167.00   58.00  109.00
ce168  168.00   58.00  110.00
ce169  169.00   58.00  111.00
ce170  170.00   58.00  112.00
ce171  171.00   58.00  113.00
ce172  172.00   58.00  114.00
ce173  173.00   58.00  115.00
ce174  174.00   58.00  116.00
ce175  175.00   58.00  117.00
pr126  126.00   59.00   67.00
pr127  127.00   59.00   68.00
pr128  128.00   59.00   69.00
pr129  129.00   59.00   70.00
pr130  130.00   59.00   71.00
pr131  131.00   59.00   72.00
pr132  132.00   59.00   73.00
pr133  133.00   59.00   74.00
pr134  134.00   59.00   75.00
pr135  135.00   59.00   76.00
pr136  136.00   59.00   77.00
pr137  137.00   59.00   78.00
pr138  138.00   59.00   79.00
pr139  139.00   59.00   80.00
pr140  140.00   59.00   81.00
pr141  141.00   59.00   82.00
pr142  142.00   59.00   83.00
pr143  143.00   59.00   84.00
pr144  144.00   59.00   85.00
pr145  145.00   59.00   86.00
pr146  146.00   59.00   87.00
pr147  147.00   59.00   88.00
pr148  148.00   59.00   89.00
pr149  149.00   59.00   90.00
pr150  150.00   59.00   91.00
pr151  151.00   59.00   92.00
pr152  152.00   59.00   93.00
pr153  153.00   59.00   94.00
pr154  154.00   59.00   95.00
pr155  155.00   59.00   96.00
pr156  156.00   59.00   97.00
pr157  157.00   59.00   98.00
pr158  158.00   59.00   99.00
pr159  159.00   59.00  100.00
pr160  160.00   59.00  101.00
pr161  161.00   59.00  102.00
pr162  162.00   59.00  103.00
pr163  163.00   59.00  104.00
pr164  164.00   59.00  105.00
pr165  165.00   59.00  106.00
pr166  166.00   59.00  107.00
pr167  167.00   59.00  108.00
pr168  168.00   59.00  109.00
pr169  169.00   59.00  110.00
pr170  170.00   59.00  111.00
pr171  171.00   59.00  112.00
pr172  172.00   59.00  113.00
pr173  173.00   59.00  114.00
pr174  174.00   59.00  115.00
pr175  175.00   59.00  116.00
pr176  176.00   59.00  117.00
pr177  177.00   59.00  118.00
pr178  178.00   59.00  119.00
nd127  127.00   60.00   67.00
nd128  128.00   60.00   68.00
nd129  129.00   60.00   69.00
nd130  130.00   60.00   70.00
nd131  131.00   60.00   71.00
nd132  132.00   60.00   72.00
nd133  133.00   60.00   73.00
nd134  134.00   60.00   74.00
nd135  135.00   60.00   75.00
nd136  136.00   60.00   76.00
nd137  137.00   60.00   77.00
nd138  138.00   60.00   78.00
nd139  139.00   60.00   79.00
nd140  140.00   60.00   80.00
nd141  141.00   60.00   81.00
nd142  142.00   60.00   82.00
nd143  143.00   60.00   83.00
nd144  144.00   60.00   84.00
nd145  145.00   60.00   85.00
nd146  146.00   60.00   86.00
nd147  147.00   60.00   87.00
nd148  148.00   60.00   88.00
nd149  149.00   60.00   89.00
nd150  150.00   60.00   90.00
nd151  151.00   60.00   91.00
nd152  152.00   60.00   92.00
nd153  153.00   60.00   93.00
nd154  154.00   60.00   94.00
nd155  155.00   60.00   95.00
nd156  156.00   60.00   96.00
nd157  157.00   60.00   97.00
nd158  158.00   60.00   98.00
nd159  159.00   60.00   99.00
nd160  160.00   60.00  100.00
nd161  161.00   60.00  101.00
nd162  162.00   60.00  102.00
nd163  163.00   60.00  103.00
nd164  164.00   60.00  104.00
nd165  165.00   60.00  105.00
nd166  166.00   60.00  106.00
nd167  167.00   60.00  107.00
nd168  168.00   60.00  108.00
nd169  169.00   60.00  109.00
nd170  170.00   60.00  110.00
nd171  171.00   60.00  111.00
nd172  172.00   60.00  112.00
nd173  173.00   60.00  113.00
nd174  174.00   60.00  114.00
nd175  175.00   60.00  115.00
nd176  176.00   60.00  116.00
nd177  177.00   60.00  117.00
nd178  178.00   60.00  118.00
pm130  130.00   61.00   69.00
pm131  131.00   61.00   70.00
pm132  132.00   61.00   71.00
pm133  133.00   61.00   72.00
pm134  134.00   61.00   73.00
pm135  135.00   61.00   74.00
pm136  136.00   61.00   75.00
pm137  137.00   61.00   76.00
pm138  138.00   61.00   77.00
pm139  139.00   61.00   78.00
pm140  140.00   61.00   79.00
pm141  141.00   61.00   80.00
pm142  142.00   61.00   81.00
pm143  143.00   61.00   82.00
pm144  144.00   61.00   83.00
pm145  145.00   61.00   84.00
pm146  146.00   61.00   85.00
pm147  147.00   61.00   86.00
pm148  148.00   61.00   87.00
pm149  149.00   61.00   88.00
pm150  150.00   61.00   89.00
pm151  151.00   61.00   90.00
pm152  152.00   61.00   91.00
pm153  153.00   61.00   92.00
pm154  154.00   61.00   93.00
pm155  155.00   61.00   94.00
pm156  156.00   61.00   95.00
pm157  157.00   61.00   96.00
pm158  158.00   61.00   97.00
pm159  159.00   61.00   98.00
pm160  160.00   61.00   99.00
pm161  161.00   61.00  100.00
pm162  162.00   61.00  101.00
pm163  163.00   61.00  102.00
pm164  164.00   61.00  103.00
pm165  165.00   61.00  104.00
pm166  166.00   61.00  105.00
pm167  167.00   61.00  106.00
pm168  168.00   61.00  107.00
pm169  169.00   61.00  108.00
pm170  170.00   61.00  109.00
pm171  171.00   61.00  110.00
pm172  172.00   61.00  111.00
pm173  173.00   61.00  112.00
pm174  174.00   61.00  113.00
pm175  175.00   61.00  114.00
pm176  176.00   61.00  115.00
pm177  177.00   61.00  116.00
pm178  178.00   61.00  117.00
pm179  179.00   61.00  118.00
pm180  180.00   61.00  119.00
pm181  181.00   61.00  120.00
pm182  182.00   61.00  121.00
pm183  183.00   61.00  122.00
pm184  184.00   61.00  123.00
pm185  185.00   61.00  124.00
sm133  133.00   62.00   71.00
sm134  134.00   62.00   72.00
sm135  135.00   62.00   73.00
sm136  136.00   62.00   74.00
sm137  137.00   62.00   75.00
sm138  138.00   62.00   76.00
sm139  139.00   62.00   77.00
sm140  140.00   62.00   78.00
sm141  141.00   62.00   79.00
sm142  142.00   62.00   80.00
sm143  143.00   62.00   81.00
sm144  144.00   62.00   82.00
sm145  145.00   62.00   83.00
sm146  146.00   62.00   84.00
sm147  147.00   62.00   85.00
sm148  148.00   62.00   86.00
sm149  149.00   62.00   87.00
sm150  150.00   62.00   88.00
sm151  151.00   62.00   89.00
sm152  152.00   62.00   90.00
sm153  153.00   62.00   91.00
sm154  154.00   62.00   92.00
sm155  155.00   62.00   93.00
sm156  156.00   62.00   94.00
sm157  157.00   62.00   95.00
sm158  158.00   62.00   96.00
sm159  159.00   62.00   97.00
sm160  160.00   62.00   98.00
sm161  161.00   62.00   99.00
sm162  162.00   62.00  100.00
sm163  163.00   62.00  101.00
sm164  164.00   62.00  102.00
sm165  165.00   62.00  103.00
sm166  166.00   62.00  104.00
sm167  167.00   62.00  105.00
sm168  168.00   62.00  106.00
sm169  169.00   62.00  107.00
sm170  170.00   62.00  108.00
sm171  171.00   62.00  109.00
sm172  172.00   62.00  110.00
sm173  173.00   62.00  111.00
sm174  174.00   62.00  112.00
sm175  175.00   62.00  113.00
sm176  176.00   62.00  114.00
sm177  177.00   62.00  115.00
sm178  178.00   62.00  116.00
sm179  179.00   62.00  117.00
sm180  180.00   62.00  118.00
sm181  181.00   62.00  119.00
sm182  182.00   62.00  120.00
sm183  183.00   62.00  121.00
sm184  184.00   62.00  122.00
sm185  185.00   62.00  123.00
sm186  186.00   62.00  124.00
sm187  187.00   62.00  125.00
sm188  188.00   62.00  126.00
eu136  136.00   63.00   73.00
eu137  137.00   63.00   74.00
eu138  138.00   63.00   75.00
eu139  139.00   63.00   76.00
eu140  140.00   63.00   77.00
eu141  141.00   63.00   78.00
eu142  142.00   63.00   79.00
eu143  143.00   63.00   80.00
eu144  144.00   63.00   81.00
eu145  145.00   63.00   82.00
eu146  146.00   63.00   83.00
eu147  147.00   63.00   84.00
eu148  148.00   63.00   85.00
eu149  149.00   63.00   86.00
eu150  150.00   63.00   87.00
eu151  151.00   63.00   88.00
eu152  152.00   63.00   89.00
eu153  153.00   63.00   90.00
eu154  154.00   63.00   91.00
eu155  155.00   63.00   92.00
eu156  156.00   63.00   93.00
eu157  157.00   63.00   94.00
eu158  158.00   63.00   95.00
eu159  159.00   63.00   96.00
eu160  160.00   63.00   97.00
eu161  161.00   63.00   98.00
eu162  162.00   63.00   99.00
eu163  163.00   63.00  100.00
eu164  164.00   63.00  101.00
eu165  165.00   63.00  102.00
eu166  166.00   63.00  103.00
eu167  167.00   63.00  104.00
eu168  168.00   63.00  105.00
eu169  169.00   63.00  106.00
eu170  170.00   63.00  107.00
eu171  171.00   63.00  108.00
eu172  172.00   63.00  109.00
eu173  173.00   63.00  110.00
eu174  174.00   63.00  111.00
eu175  175.00   63.00  112.00
eu176  176.00   63.00  113.00
eu177  177.00   63.00  114.00
eu178  178.00   63.00  115.00
eu179  179.00   63.00  116.00
eu180  180.00   63.00  117.00
eu181  181.00   63.00  118.00
eu182  182.00   63.00  119.00
eu183  183.00   63.00  120.00
eu184  184.00   63.00  121.00
eu185  185.00   63.00  122.00
eu186  186.00   63.00  123.00
eu187  187.00   63.00  124.00
eu188  188.00   63.00  125.00
eu189  189.00   63.00  126.00
eu190  190.00   63.00  127.00
gd139  139.00   64.00   75.00
gd140  140.00   64.00   76.00
gd141  141.00   64.00   77.00
gd142  142.00   64.00   78.00
gd143  143.00   64.00   79.00
gd144  144.00   64.00   80.00
gd145  145.00   64.00   81.00
gd146  146.00   64.00   82.00
gd147  147.00   64.00   83.00
gd148  148.00   64.00   84.00
gd149  149.00   64.00   85.00
gd150  150.00   64.00   86.00
gd151  151.00   64.00   87.00
gd152  152.00   64.00   88.00
gd153  153.00   64.00   89.00
gd154  154.00   64.00   90.00
gd155  155.00   64.00   91.00
gd156  156.00   64.00   92.00
gd157  157.00   64.00   93.00
gd158  158.00   64.00   94.00
gd159  159.00   64.00   95.00
gd160  160.00   64.00   96.00
gd161  161.00   64.00   97.00
gd162  162.00   64.00   98.00
gd163  163.00   64.00   99.00
gd164  164.00   64.00  100.00
gd165  165.00   64.00  101.00
gd166  166.00   64.00  102.00
gd167  167.00   64.00  103.00
gd168  168.00   64.00  104.00
gd169  169.00   64.00  105.00
gd170  170.00   64.00  106.00
gd171  171.00   64.00  107.00
gd172  172.00   64.00  108.00
gd173  173.00   64.00  109.00
gd174  174.00   64.00  110.00
gd175  175.00   64.00  111.00
gd176  176.00   64.00  112.00
gd177  177.00   64.00  113.00
gd178  178.00   64.00  114.00
gd179  179.00   64.00  115.00
gd180  180.00   64.00  116.00
gd181  181.00   64.00  117.00
gd182  182.00   64.00  118.00
gd183  183.00   64.00  119.00
gd184  184.00   64.00  120.00
gd185  185.00   64.00  121.00
gd186  186.00   64.00  122.00
gd187  187.00   64.00  123.00
gd188  188.00   64.00  124.00
gd189  189.00   64.00  125.00
gd190  190.00   64.00  126.00
gd191  191.00   64.00  127.00
tb142  142.00   65.00   77.00
tb143  143.00   65.00   78.00
tb144  144.00   65.00   79.00
tb145  145.00   65.00   80.00
tb146  146.00   65.00   81.00
tb147  147.00   65.00   82.00
tb148  148.00   65.00   83.00
tb149  149.00   65.00   84.00
tb150  150.00   65.00   85.00
tb151  151.00   65.00   86.00
tb152  152.00   65.00   87.00
tb153  153.00   65.00   88.00
tb154  154.00   65.00   89.00
tb155  155.00   65.00   90.00
tb156  156.00   65.00   91.00
tb157  157.00   65.00   92.00
tb158  158.00   65.00   93.00
tb159  159.00   65.00   94.00
tb160  160.00   65.00   95.00
tb161  161.00   65.00   96.00
tb162  162.00   65.00   97.00
tb163  163.00   65.00   98.00
tb164  164.00   65.00   99.00
tb165  165.00   65.00  100.00
tb166  166.00   65.00  101.00
tb167  167.00   65.00  102.00
tb168  168.00   65.00  103.00
tb169  169.00   65.00  104.00
tb170  170.00   65.00  105.00
tb171  171.00   65.00  106.00
tb172  172.00   65.00  107.00
tb173  173.00   65.00  108.00
tb174  174.00   65.00  109.00
tb175  175.00   65.00  110.00
tb176  176.00   65.00  111.00
tb177  177.00   65.00  112.00
tb178  178.00   65.00  113.00
tb179  179.00   65.00  114.00
tb180  180.00   65.00  115.00
tb181  181.00   65.00  116.00
tb182  182.00   65.00  117.00
tb183  183.00   65.00  118.00
tb184  184.00   65.00  119.00
tb185  185.00   65.00  120.00
tb186  186.00   65.00  121.00
tb187  187.00   65.00  122.00
tb188  188.00   65.00  123.00
tb189  189.00   65.00  124.00
tb190  190.00   65.00  125.00
tb191  191.00   65.00  126.00
tb192  192.00   65.00  127.00
dy143  143.00   66.00   77.00
dy144  144.00   66.00   78.00
dy145  145.00   66.00   79.00
dy146  146.00   66.00   80.00
dy147  147.00   66.00   81.00
dy148  148.00   66.00   82.00
dy149  149.00   66.00   83.00
dy150  150.00   66.00   84.00
dy151  151.00   66.00   85.00
dy152  152.00   66.00   86.00
dy153  153.00   66.00   87.00
dy154  154.00   66.00   88.00
dy155  155.00   66.00   89.00
dy156  156.00   66.00   90.00
dy157  157.00   66.00   91.00
dy158  158.00   66.00   92.00
dy159  159.00   66.00   93.00
dy160  160.00   66.00   94.00
dy161  161.00   66.00   95.00
dy162  162.00   66.00   96.00
dy163  163.00   66.00   97.00
dy164  164.00   66.00   98.00
dy165  165.00   66.00   99.00
dy166  166.00   66.00  100.00
dy167  167.00   66.00  101.00
dy168  168.00   66.00  102.00
dy169  169.00   66.00  103.00
dy170  170.00   66.00  104.00
dy171  171.00   66.00  105.00
dy172  172.00   66.00  106.00
dy173  173.00   66.00  107.00
dy174  174.00   66.00  108.00
dy175  175.00   66.00  109.00
dy176  176.00   66.00  110.00
dy177  177.00   66.00  111.00
dy178  178.00   66.00  112.00
dy179  179.00   66.00  113.00
dy180  180.00   66.00  114.00
dy181  181.00   66.00  115.00
dy182  182.00   66.00  116.00
dy183  183.00   66.00  117.00
dy184  184.00   66.00  118.00
dy185  185.00   66.00  119.00
dy186  186.00   66.00  120.00
dy187  187.00   66.00  121.00
dy188  188.00   66.00  122.00
dy189  189.00   66.00  123.00
dy190  190.00   66.00  124.00
dy191  191.00   66.00  125.00
dy192  192.00   66.00  126.00
dy193  193.00   66.00  127.00
ho146  146.00   67.00   79.00
ho147  147.00   67.00   80.00
ho148  148.00   67.00   81.00
ho149  149.00   67.00   82.00
ho150  150.00   67.00   83.00
ho151  151.00   67.00   84.00
ho152  152.00   67.00   85.00
ho153  153.00   67.00   86.00
ho154  154.00   67.00   87.00
ho155  155.00   67.00   88.00
ho156  156.00   67.00   89.00
ho157  157.00   67.00   90.00
ho158  158.00   67.00   91.00
ho159  159.00   67.00   92.00
ho160  160.00   67.00   93.00
ho161  161.00   67.00   94.00
ho162  162.00   67.00   95.00
ho163  163.00   67.00   96.00
ho164  164.00   67.00   97.00
ho165  165.00   67.00   98.00
ho166  166.00   67.00   99.00
ho167  167.00   67.00  100.00
ho168  168.00   67.00  101.00
ho169  169.00   67.00  102.00
ho170  170.00   67.00  103.00
ho171  171.00   67.00  104.00
ho172  172.00   67.00  105.00
ho173  173.00   67.00  106.00
ho174  174.00   67.00  107.00
ho175  175.00   67.00  108.00
ho176  176.00   67.00  109.00
ho177  177.00   67.00  110.00
ho178  178.00   67.00  111.00
ho179  179.00   67.00  112.00
ho180  180.00   67.00  113.00
ho181  181.00   67.00  114.00
ho182  182.00   67.00  115.00
ho183  183.00   67.00  116.00
ho184  184.00   67.00  117.00
ho185  185.00   67.00  118.00
ho186  186.00   67.00  119.00
ho187  187.00   67.00  120.00
ho188  188.00   67.00  121.00
ho189  189.00   67.00  122.00
ho190  190.00   67.00  123.00
ho191  191.00   67.00  124.00
ho192  192.00   67.00  125.00
ho193  193.00   67.00  126.00
ho194  194.00   67.00  127.00
ho195  195.00   67.00  128.00
ho196  196.00   67.00  129.00
er148  148.00   68.00   80.00
er149  149.00   68.00   81.00
er150  150.00   68.00   82.00
er151  151.00   68.00   83.00
er152  152.00   68.00   84.00
er153  153.00   68.00   85.00
er154  154.00   68.00   86.00
er155  155.00   68.00   87.00
er156  156.00   68.00   88.00
er157  157.00   68.00   89.00
er158  158.00   68.00   90.00
er159  159.00   68.00   91.00
er160  160.00   68.00   92.00
er161  161.00   68.00   93.00
er162  162.00   68.00   94.00
er163  163.00   68.00   95.00
er164  164.00   68.00   96.00
er165  165.00   68.00   97.00
er166  166.00   68.00   98.00
er167  167.00   68.00   99.00
er168  168.00   68.00  100.00
er169  169.00   68.00  101.00
er170  170.00   68.00  102.00
er171  171.00   68.00  103.00
er172  172.00   68.00  104.00
er173  173.00   68.00  105.00
er174  174.00   68.00  106.00
er175  175.00   68.00  107.00
er176  176.00   68.00  108.00
er177  177.00   68.00  109.00
er178  178.00   68.00  110.00
er179  179.00   68.00  111.00
er180  180.00   68.00  112.00
er181  181.00   68.00  113.00
er182  182.00   68.00  114.00
er183  183.00   68.00  115.00
er184  184.00   68.00  116.00
er185  185.00   68.00  117.00
er186  186.00   68.00  118.00
er187  187.00   68.00  119.00
er188  188.00   68.00  120.00
er189  189.00   68.00  121.00
er190  190.00   68.00  122.00
er191  191.00   68.00  123.00
er192  192.00   68.00  124.00
er193  193.00   68.00  125.00
er194  194.00   68.00  126.00
er195  195.00   68.00  127.00
er196  196.00   68.00  128.00
tm150  150.00   69.00   81.00
tm151  151.00   69.00   82.00
tm152  152.00   69.00   83.00
tm153  153.00   69.00   84.00
tm154  154.00   69.00   85.00
tm155  155.00   69.00   86.00
tm156  156.00   69.00   87.00
tm157  157.00   69.00   88.00
tm158  158.00   69.00   89.00
tm159  159.00   69.00   90.00
tm160  160.00   69.00   91.00
tm161  161.00   69.00   92.00
tm162  162.00   69.00   93.00
tm163  163.00   69.00   94.00
tm164  164.00   69.00   95.00
tm165  165.00   69.00   96.00
tm166  166.00   69.00   97.00
tm167  167.00   69.00   98.00
tm168  168.00   69.00   99.00
tm169  169.00   69.00  100.00
tm170  170.00   69.00  101.00
tm171  171.00   69.00  102.00
tm172  172.00   69.00  103.00
tm173  173.00   69.00  104.00
tm174  174.00   69.00  105.00
tm175  175.00   69.00  106.00
tm176  176.00   69.00  107.00
tm177  177.00   69.00  108.00
tm178  178.00   69.00  109.00
tm179  179.00   69.00  110.00
tm180  180.00   69.00  111.00
tm181  181.00   69.00  112.00
tm182  182.00   69.00  113.00
tm183  183.00   69.00  114.00
tm184  184.00   69.00  115.00
tm185  185.00   69.00  116.00
tm186  186.00   69.00  117.00
tm187  187.00   69.00  118.00
tm188  188.00   69.00  119.00
tm189  189.00   69.00  120.00
tm190  190.00   69.00  121.00
tm191  191.00   69.00  122.00
tm192  192.00   69.00  123.00
tm193  193.00   69.00  124.00
tm194  194.00   69.00  125.00
tm195  195.00   69.00  126.00
tm196  196.00   69.00  127.00
tm197  197.00   69.00  128.00
tm198  198.00   69.00  129.00
yb152  152.00   70.00   82.00
yb153  153.00   70.00   83.00
yb154  154.00   70.00   84.00
yb155  155.00   70.00   85.00
yb156  156.00   70.00   86.00
yb157  157.00   70.00   87.00
yb158  158.00   70.00   88.00
yb159  159.00   70.00   89.00
yb160  160.00   70.00   90.00
yb161  161.00   70.00   91.00
yb162  162.00   70.00   92.00
yb163  163.00   70.00   93.00
yb164  164.00   70.00   94.00
yb165  165.00   70.00   95.00
yb166  166.00   70.00   96.00
yb167  167.00   70.00   97.00
yb168  168.00   70.00   98.00
yb169  169.00   70.00   99.00
yb170  170.00   70.00  100.00
yb171  171.00   70.00  101.00
yb172  172.00   70.00  102.00
yb173  173.00   70.00  103.00
yb174  174.00   70.00  104.00
yb175  175.00   70.00  105.00
yb176  176.00   70.00  106.00
yb177  177.00   70.00  107.00
yb178  178.00   70.00  108.00
yb179  179.00   70.00  109.00
yb180  180.00   70.00  110.00
yb181  181.00   70.00  111.00
yb182  182.00   70.00  112.00
yb183  183.00   70.00  113.00
yb184  184.00   70.00  114.00
yb185  185.00   70.00  115.00
yb186  186.00   70.00  116.00
yb187  187.00   70.00  117.00
yb188  188.00   70.00  118.00
yb189  189.00   70.00  119.00
yb190  190.00   70.00  120.00
yb191  191.00   70.00  121.00
yb192  192.00   70.00  122.00
yb193  193.00   70.00  123.00
yb194  194.00   70.00  124.00
yb195  195.00   70.00  125.00
yb196  196.00   70.00  126.00
yb197  197.00   70.00  127.00
yb198  198.00   70.00  128.00
yb199  199.00   70.00  129.00
yb200  200.00   70.00  130.00
lu156  156.00   71.00   85.00
lu157  157.00   71.00   86.00
lu158  158.00   71.00   87.00
lu159  159.00   71.00   88.00
lu160  160.00   71.00   89.00
lu161  161.00   71.00   90.00
lu162  162.00   71.00   91.00
lu163  163.00   71.00   92.00
lu164  164.00   71.00   93.00
lu165  165.00   71.00   94.00
lu166  166.00   71.00   95.00
lu167  167.00   71.00   96.00
lu168  168.00   71.00   97.00
lu169  169.00   71.00   98.00
lu170  170.00   71.00   99.00
lu171  171.00   71.00  100.00
lu172  172.00   71.00  101.00
lu173  173.00   71.00  102.00
lu174  174.00   71.00  103.00
lu175  175.00   71.00  104.00
lu176  176.00   71.00  105.00
lu177  177.00   71.00  106.00
lu178  178.00   71.00  107.00
lu179  179.00   71.00  108.00
lu180  180.00   71.00  109.00
lu181  181.00   71.00  110.00
lu182  182.00   71.00  111.00
lu183  183.00   71.00  112.00
lu184  184.00   71.00  113.00
lu185  185.00   71.00  114.00
lu186  186.00   71.00  115.00
lu187  187.00   71.00  116.00
lu188  188.00   71.00  117.00
lu189  189.00   71.00  118.00
lu190  190.00   71.00  119.00
lu191  191.00   71.00  120.00
lu192  192.00   71.00  121.00
lu193  193.00   71.00  122.00
lu194  194.00   71.00  123.00
lu195  195.00   71.00  124.00
lu196  196.00   71.00  125.00
lu197  197.00   71.00  126.00
lu198  198.00   71.00  127.00
lu199  199.00   71.00  128.00
lu200  200.00   71.00  129.00
lu201  201.00   71.00  130.00
lu202  202.00   71.00  131.00
lu203  203.00   71.00  132.00
lu204  204.00   71.00  133.00
lu205  205.00   71.00  134.00
lu206  206.00   71.00  135.00
lu207  207.00   71.00  136.00
lu208  208.00   71.00  137.00
lu209  209.00   71.00  138.00
hf159  159.00   72.00   87.00
hf160  160.00   72.00   88.00
hf161  161.00   72.00   89.00
hf162  162.00   72.00   90.00
hf163  163.00   72.00   91.00
hf164  164.00   72.00   92.00
hf165  165.00   72.00   93.00
hf166  166.00   72.00   94.00
hf167  167.00   72.00   95.00
hf168  168.00   72.00   96.00
hf169  169.00   72.00   97.00
hf170  170.00   72.00   98.00
hf171  171.00   72.00   99.00
hf172  172.00   72.00  100.00
hf173  173.00   72.00  101.00
hf174  174.00   72.00  102.00
hf175  175.00   72.00  103.00
hf176  176.00   72.00  104.00
hf177  177.00   72.00  105.00
hf178  178.00   72.00  106.00
hf179  179.00   72.00  107.00
hf180  180.00   72.00  108.00
hf181  181.00   72.00  109.00
hf182  182.00   72.00  110.00
hf183  183.00   72.00  111.00
hf184  184.00   72.00  112.00
hf185  185.00   72.00  113.00
hf186  186.00   72.00  114.00
hf187  187.00   72.00  115.00
hf188  188.00   72.00  116.00
hf189  189.00   72.00  117.00
hf190  190.00   72.00  118.00
hf191  191.00   72.00  119.00
hf192  192.00   72.00  120.00
hf193  193.00   72.00  121.00
hf194  194.00   72.00  122.00
hf195  195.00   72.00  123.00
hf196  196.00   72.00  124.00
hf197  197.00   72.00  125.00
hf198  198.00   72.00  126.00
hf199  199.00   72.00  127.00
hf200  200.00   72.00  128.00
hf201  201.00   72.00  129.00
hf202  202.00   72.00  130.00
hf203  203.00   72.00  131.00
hf204  204.00   72.00  132.00
hf205  205.00   72.00  133.00
hf206  206.00   72.00  134.00
hf207  207.00   72.00  135.00
hf208  208.00   72.00  136.00
hf209  209.00   72.00  137.00
hf210  210.00   72.00  138.00
hf211  211.00   72.00  139.00
hf212  212.00   72.00  140.00
ta161  161.00   73.00   88.00
ta162  162.00   73.00   89.00
ta163  163.00   73.00   90.00
ta164  164.00   73.00   91.00
ta165  165.00   73.00   92.00
ta166  166.00   73.00   93.00
ta167  167.00   73.00   94.00
ta168  168.00   73.00   95.00
ta169  169.00   73.00   96.00
ta170  170.00   73.00   97.00
ta171  171.00   73.00   98.00
ta172  172.00   73.00   99.00
ta173  173.00   73.00  100.00
ta174  174.00   73.00  101.00
ta175  175.00   73.00  102.00
ta176  176.00   73.00  103.00
ta177  177.00   73.00  104.00
ta178  178.00   73.00  105.00
ta179  179.00   73.00  106.00
ta180  180.00   73.00  107.00
ta181  181.00   73.00  108.00
ta182  182.00   73.00  109.00
ta183  183.00   73.00  110.00
ta184  184.00   73.00  111.00
ta185  185.00   73.00  112.00
ta186  186.00   73.00  113.00
ta187  187.00   73.00  114.00
ta188  188.00   73.00  115.00
ta189  189.00   73.00  116.00
ta190  190.00   73.00  117.00
ta191  191.00   73.00  118.00
ta192  192.00   73.00  119.00
ta193  193.00   73.00  120.00
ta194  194.00   73.00  121.00
ta195  195.00   73.00  122.00
ta196  196.00   73.00  123.00
ta197  197.00   73.00  124.00
ta198  198.00   73.00  125.00
ta199  199.00   73.00  126.00
ta200  200.00   73.00  127.00
ta201  201.00   73.00  128.00
ta202  202.00   73.00  129.00
ta203  203.00   73.00  130.00
ta204  204.00   73.00  131.00
ta205  205.00   73.00  132.00
ta206  206.00   73.00  133.00
ta207  207.00   73.00  134.00
ta208  208.00   73.00  135.00
ta209  209.00   73.00  136.00
ta210  210.00   73.00  137.00
ta211  211.00   73.00  138.00
ta212  212.00   73.00  139.00
ta213  213.00   73.00  140.00
ta214  214.00   73.00  141.00
ta215  215.00   73.00  142.00
ta216  216.00   73.00  143.00
ta217  217.00   73.00  144.00
 w163  163.00   74.00   89.00
 w164  164.00   74.00   90.00
 w165  165.00   74.00   91.00
 w166  166.00   74.00   92.00
 w167  167.00   74.00   93.00
 w168  168.00   74.00   94.00
 w169  169.00   74.00   95.00
 w170  170.00   74.00   96.00
 w171  171.00   74.00   97.00
 w172  172.00   74.00   98.00
 w173  173.00   74.00   99.00
 w174  174.00   74.00  100.00
 w175  175.00   74.00  101.00
 w176  176.00   74.00  102.00
 w177  177.00   74.00  103.00
 w178  178.00   74.00  104.00
 w179  179.00   74.00  105.00
 w180  180.00   74.00  106.00
 w181  181.00   74.00  107.00
 w182  182.00   74.00  108.00
 w183  183.00   74.00  109.00
 w184  184.00   74.00  110.00
 w185  185.00   74.00  111.00
 w186  186.00   74.00  112.00
 w187  187.00   74.00  113.00
 w188  188.00   74.00  114.00
 w189  189.00   74.00  115.00
 w190  190.00   74.00  116.00
 w191  191.00   74.00  117.00
 w192  192.00   74.00  118.00
 w193  193.00   74.00  119.00
 w194  194.00   74.00  120.00
 w195  195.00   74.00  121.00
 w196  196.00   74.00  122.00
 w197  197.00   74.00  123.00
 w198  198.00   74.00  124.00
 w199  199.00   74.00  125.00
 w200  200.00   74.00  126.00
 w201  201.00   74.00  127.00
 w202  202.00   74.00  128.00
 w203  203.00   74.00  129.00
 w204  204.00   74.00  130.00
 w205  205.00   74.00  131.00
 w206  206.00   74.00  132.00
 w207  207.00   74.00  133.00
 w208  208.00   74.00  134.00
 w209  209.00   74.00  135.00
 w210  210.00   74.00  136.00
 w211  211.00   74.00  137.00
 w212  212.00   74.00  138.00
 w213  213.00   74.00  139.00
 w214  214.00   74.00  140.00
 w215  215.00   74.00  141.00
 w216  216.00   74.00  142.00
 w217  217.00   74.00  143.00
 w218  218.00   74.00  144.00
 w219  219.00   74.00  145.00
 w220  220.00   74.00  146.00
re167  167.00   75.00   92.00
re168  168.00   75.00   93.00
re169  169.00   75.00   94.00
re170  170.00   75.00   95.00
re171  171.00   75.00   96.00
re172  172.00   75.00   97.00
re173  173.00   75.00   98.00
re174  174.00   75.00   99.00
re175  175.00   75.00  100.00
re176  176.00   75.00  101.00
re177  177.00   75.00  102.00
re178  178.00   75.00  103.00
re179  179.00   75.00  104.00
re180  180.00   75.00  105.00
re181  181.00   75.00  106.00
re182  182.00   75.00  107.00
re183  183.00   75.00  108.00
re184  184.00   75.00  109.00
re185  185.00   75.00  110.00
re186  186.00   75.00  111.00
re187  187.00   75.00  112.00
re188  188.00   75.00  113.00
re189  189.00   75.00  114.00
re190  190.00   75.00  115.00
re191  191.00   75.00  116.00
re192  192.00   75.00  117.00
re193  193.00   75.00  118.00
re194  194.00   75.00  119.00
re195  195.00   75.00  120.00
re196  196.00   75.00  121.00
re197  197.00   75.00  122.00
re198  198.00   75.00  123.00
re199  199.00   75.00  124.00
re200  200.00   75.00  125.00
re201  201.00   75.00  126.00
re202  202.00   75.00  127.00
re203  203.00   75.00  128.00
re204  204.00   75.00  129.00
re205  205.00   75.00  130.00
re206  206.00   75.00  131.00
re207  207.00   75.00  132.00
re208  208.00   75.00  133.00
re209  209.00   75.00  134.00
re210  210.00   75.00  135.00
re211  211.00   75.00  136.00
re212  212.00   75.00  137.00
re213  213.00   75.00  138.00
re214  214.00   75.00  139.00
re215  215.00   75.00  140.00
re216  216.00   75.00  141.00
re217  217.00   75.00  142.00
re218  218.00   75.00  143.00
re219  219.00   75.00  144.00
re220  220.00   75.00  145.00
re221  221.00   75.00  146.00
re222  222.00   75.00  147.00
re223  223.00   75.00  148.00
re224  224.00   75.00  149.00
re225  225.00   75.00  150.00
os169  169.00   76.00   93.00
os170  170.00   76.00   94.00
os171  171.00   76.00   95.00
os172  172.00   76.00   96.00
os173  173.00   76.00   97.00
os174  174.00   76.00   98.00
os175  175.00   76.00   99.00
os176  176.00   76.00  100.00
os177  177.00   76.00  101.00
os178  178.00   76.00  102.00
os179  179.00   76.00  103.00
os180  180.00   76.00  104.00
os181  181.00   76.00  105.00
os182  182.00   76.00  106.00
os183  183.00   76.00  107.00
os184  184.00   76.00  108.00
os185  185.00   76.00  109.00
os186  186.00   76.00  110.00
os187  187.00   76.00  111.00
os188  188.00   76.00  112.00
os189  189.00   76.00  113.00
os190  190.00   76.00  114.00
os191  191.00   76.00  115.00
os192  192.00   76.00  116.00
os193  193.00   76.00  117.00
os194  194.00   76.00  118.00
os195  195.00   76.00  119.00
os196  196.00   76.00  120.00
os197  197.00   76.00  121.00
os198  198.00   76.00  122.00
os199  199.00   76.00  123.00
os200  200.00   76.00  124.00
os201  201.00   76.00  125.00
os202  202.00   76.00  126.00
os203  203.00   76.00  127.00
os204  204.00   76.00  128.00
os205  205.00   76.00  129.00
os206  206.00   76.00  130.00
os207  207.00   76.00  131.00
os208  208.00   76.00  132.00
os209  209.00   76.00  133.00
os210  210.00   76.00  134.00
os211  211.00   76.00  135.00
os212  212.00   76.00  136.00
os213  213.00   76.00  137.00
os214  214.00   76.00  138.00
os215  215.00   76.00  139.00
os216  216.00   76.00  140.00
os217  217.00   76.00  141.00
os218  218.00   76.00  142.00
os219  219.00   76.00  143.00
os220  220.00   76.00  144.00
os221  221.00   76.00  145.00
os222  222.00   76.00  146.00
os223  223.00   76.00  147.00
os224  224.00   76.00  148.00
os225  225.00   76.00  149.00
os226  226.00   76.00  150.00
ir172  172.00   77.00   95.00
ir173  173.00   77.00   96.00
ir174  174.00   77.00   97.00
ir175  175.00   77.00   98.00
ir176  176.00   77.00   99.00
ir177  177.00   77.00  100.00
ir178  178.00   77.00  101.00
ir179  179.00   77.00  102.00
ir180  180.00   77.00  103.00
ir181  181.00   77.00  104.00
ir182  182.00   77.00  105.00
ir183  183.00   77.00  106.00
ir184  184.00   77.00  107.00
ir185  185.00   77.00  108.00
ir186  186.00   77.00  109.00
ir187  187.00   77.00  110.00
ir188  188.00   77.00  111.00
ir189  189.00   77.00  112.00
ir190  190.00   77.00  113.00
ir191  191.00   77.00  114.00
ir192  192.00   77.00  115.00
ir193  193.00   77.00  116.00
ir194  194.00   77.00  117.00
ir195  195.00   77.00  118.00
ir196  196.00   77.00  119.00
ir197  197.00   77.00  120.00
ir198  198.00   77.00  121.00
ir199  199.00   77.00  122.00
ir200  200.00   77.00  123.00
ir201  201.00   77.00  124.00
ir202  202.00   77.00  125.00
ir203  203.00   77.00  126.00
ir204  204.00   77.00  127.00
ir205  205.00   77.00  128.00
ir206  206.00   77.00  129.00
ir207  207.00   77.00  130.00
ir208  208.00   77.00  131.00
ir209  209.00   77.00  132.00
ir210  210.00   77.00  133.00
ir211  211.00   77.00  134.00
ir212  212.00   77.00  135.00
ir213  213.00   77.00  136.00
ir214  214.00   77.00  137.00
ir215  215.00   77.00  138.00
ir216  216.00   77.00  139.00
ir217  217.00   77.00  140.00
ir218  218.00   77.00  141.00
ir219  219.00   77.00  142.00
ir220  220.00   77.00  143.00
ir221  221.00   77.00  144.00
ir222  222.00   77.00  145.00
ir223  223.00   77.00  146.00
ir224  224.00   77.00  147.00
ir225  225.00   77.00  148.00
ir226  226.00   77.00  149.00
ir227  227.00   77.00  150.00
ir228  228.00   77.00  151.00
ir229  229.00   77.00  152.00
ir230  230.00   77.00  153.00
pt175  175.00   78.00   97.00
pt176  176.00   78.00   98.00
pt177  177.00   78.00   99.00
pt178  178.00   78.00  100.00
pt179  179.00   78.00  101.00
pt180  180.00   78.00  102.00
pt181  181.00   78.00  103.00
pt182  182.00   78.00  104.00
pt183  183.00   78.00  105.00
pt184  184.00   78.00  106.00
pt185  185.00   78.00  107.00
pt186  186.00   78.00  108.00
pt187  187.00   78.00  109.00
pt188  188.00   78.00  110.00
pt189  189.00   78.00  111.00
pt190  190.00   78.00  112.00
pt191  191.00   78.00  113.00
pt192  192.00   78.00  114.00
pt193  193.00   78.00  115.00
pt194  194.00   78.00  116.00
pt195  195.00   78.00  117.00
pt196  196.00   78.00  118.00
pt197  197.00   78.00  119.00
pt198  198.00   78.00  120.00
pt199  199.00   78.00  121.00
pt200  200.00   78.00  122.00
pt201  201.00   78.00  123.00
pt202  202.00   78.00  124.00
pt203  203.00   78.00  125.00
pt204  204.00   78.00  126.00
pt205  205.00   78.00  127.00
pt206  206.00   78.00  128.00
pt207  207.00   78.00  129.00
pt208  208.00   78.00  130.00
pt209  209.00   78.00  131.00
pt210  210.00   78.00  132.00
pt211  211.00   78.00  133.00
pt212  212.00   78.00  134.00
pt213  213.00   78.00  135.00
pt214  214.00   78.00  136.00
pt215  215.00   78.00  137.00
pt216  216.00   78.00  138.00
pt217  217.00   78.00  139.00
pt218  218.00   78.00  140.00
pt219  219.00   78.00  141.00
pt220  220.00   78.00  142.00
pt221  221.00   78.00  143.00
pt222  222.00   78.00  144.00
pt223  223.00   78.00  145.00
pt224  224.00   78.00  146.00
pt225  225.00   78.00  147.00
pt226  226.00   78.00  148.00
pt227  227.00   78.00  149.00
pt228  228.00   78.00  150.00
pt229  229.00   78.00  151.00
pt230  230.00   78.00  152.00
pt231  231.00   78.00  153.00
pt232  232.00   78.00  154.00
au178  178.00   79.00   99.00
au179  179.00   79.00  100.00
au180  180.00   79.00  101.00
au181  181.00   79.00  102.00
au182  182.00   79.00  103.00
au183  183.00   79.00  104.00
au184  184.00   79.00  105.00
au185  185.00   79.00  106.00
au186  186.00   79.00  107.00
au187  187.00   79.00  108.00
au188  188.00   79.00  109.00
au189  189.00   79.00  110.00
au190  190.00   79.00  111.00
au191  191.00   79.00  112.00
au192  192.00   79.00  113.00
au193  193.00   79.00  114.00
au194  194.00   79.00  115.00
au195  195.00   79.00  116.00
au196  196.00   79.00  117.00
au197  197.00   79.00  118.00
au198  198.00   79.00  119.00
au199  199.00   79.00  120.00
au200  200.00   79.00  121.00
au201  201.00   79.00  122.00
au202  202.00   79.00  123.00
au203  203.00   79.00  124.00
au204  204.00   79.00  125.00
au205  205.00   79.00  126.00
au206  206.00   79.00  127.00
au207  207.00   79.00  128.00
au208  208.00   79.00  129.00
au209  209.00   79.00  130.00
au210  210.00   79.00  131.00
au211  211.00   79.00  132.00
au212  212.00   79.00  133.00
au213  213.00   79.00  134.00
au214  214.00   79.00  135.00
au215  215.00   79.00  136.00
au216  216.00   79.00  137.00
au217  217.00   79.00  138.00
au218  218.00   79.00  139.00
au219  219.00   79.00  140.00
au220  220.00   79.00  141.00
au221  221.00   79.00  142.00
au222  222.00   79.00  143.00
au223  223.00   79.00  144.00
au224  224.00   79.00  145.00
au225  225.00   79.00  146.00
au226  226.00   79.00  147.00
au227  227.00   79.00  148.00
au228  228.00   79.00  149.00
au229  229.00   79.00  150.00
au230  230.00   79.00  151.00
au231  231.00   79.00  152.00
au232  232.00   79.00  153.00
au233  233.00   79.00  154.00
au234  234.00   79.00  155.00
au235  235.00   79.00  156.00
au236  236.00   79.00  157.00
hg178  178.00   80.00   98.00
hg179  179.00   80.00   99.00
hg180  180.00   80.00  100.00
hg181  181.00   80.00  101.00
hg182  182.00   80.00  102.00
hg183  183.00   80.00  103.00
hg184  184.00   80.00  104.00
hg185  185.00   80.00  105.00
hg186  186.00   80.00  106.00
hg187  187.00   80.00  107.00
hg188  188.00   80.00  108.00
hg189  189.00   80.00  109.00
hg190  190.00   80.00  110.00
hg191  191.00   80.00  111.00
hg192  192.00   80.00  112.00
hg193  193.00   80.00  113.00
hg194  194.00   80.00  114.00
hg195  195.00   80.00  115.00
hg196  196.00   80.00  116.00
hg197  197.00   80.00  117.00
hg198  198.00   80.00  118.00
hg199  199.00   80.00  119.00
hg200  200.00   80.00  120.00
hg201  201.00   80.00  121.00
hg202  202.00   80.00  122.00
hg203  203.00   80.00  123.00
hg204  204.00   80.00  124.00
hg205  205.00   80.00  125.00
hg206  206.00   80.00  126.00
hg207  207.00   80.00  127.00
hg208  208.00   80.00  128.00
hg209  209.00   80.00  129.00
hg210  210.00   80.00  130.00
hg211  211.00   80.00  131.00
hg212  212.00   80.00  132.00
hg213  213.00   80.00  133.00
hg214  214.00   80.00  134.00
hg215  215.00   80.00  135.00
hg216  216.00   80.00  136.00
hg217  217.00   80.00  137.00
hg218  218.00   80.00  138.00
hg219  219.00   80.00  139.00
hg220  220.00   80.00  140.00
hg221  221.00   80.00  141.00
hg222  222.00   80.00  142.00
hg223  223.00   80.00  143.00
hg224  224.00   80.00  144.00
hg225  225.00   80.00  145.00
hg226  226.00   80.00  146.00
hg227  227.00   80.00  147.00
hg228  228.00   80.00  148.00
hg229  229.00   80.00  149.00
hg230  230.00   80.00  150.00
hg231  231.00   80.00  151.00
hg232  232.00   80.00  152.00
hg233  233.00   80.00  153.00
hg234  234.00   80.00  154.00
hg235  235.00   80.00  155.00
hg236  236.00   80.00  156.00
hg237  237.00   80.00  157.00
hg238  238.00   80.00  158.00
hg239  239.00   80.00  159.00
tl182  182.00   81.00  101.00
tl183  183.00   81.00  102.00
tl184  184.00   81.00  103.00
tl185  185.00   81.00  104.00
tl186  186.00   81.00  105.00
tl187  187.00   81.00  106.00
tl188  188.00   81.00  107.00
tl189  189.00   81.00  108.00
tl190  190.00   81.00  109.00
tl191  191.00   81.00  110.00
tl192  192.00   81.00  111.00
tl193  193.00   81.00  112.00
tl194  194.00   81.00  113.00
tl195  195.00   81.00  114.00
tl196  196.00   81.00  115.00
tl197  197.00   81.00  116.00
tl198  198.00   81.00  117.00
tl199  199.00   81.00  118.00
tl200  200.00   81.00  119.00
tl201  201.00   81.00  120.00
tl202  202.00   81.00  121.00
tl203  203.00   81.00  122.00
tl204  204.00   81.00  123.00
tl205  205.00   81.00  124.00
tl206  206.00   81.00  125.00
tl207  207.00   81.00  126.00
tl208  208.00   81.00  127.00
tl209  209.00   81.00  128.00
tl210  210.00   81.00  129.00
tl211  211.00   81.00  130.00
tl212  212.00   81.00  131.00
tl213  213.00   81.00  132.00
tl214  214.00   81.00  133.00
tl215  215.00   81.00  134.00
tl216  216.00   81.00  135.00
tl217  217.00   81.00  136.00
tl218  218.00   81.00  137.00
tl219  219.00   81.00  138.00
tl220  220.00   81.00  139.00
tl221  221.00   81.00  140.00
tl222  222.00   81.00  141.00
tl223  223.00   81.00  142.00
tl224  224.00   81.00  143.00
tl225  225.00   81.00  144.00
tl226  226.00   81.00  145.00
tl227  227.00   81.00  146.00
tl228  228.00   81.00  147.00
tl229  229.00   81.00  148.00
tl230  230.00   81.00  149.00
tl231  231.00   81.00  150.00
tl232  232.00   81.00  151.00
tl233  233.00   81.00  152.00
tl234  234.00   81.00  153.00
tl235  235.00   81.00  154.00
tl236  236.00   81.00  155.00
tl237  237.00   81.00  156.00
tl238  238.00   81.00  157.00
tl239  239.00   81.00  158.00
tl240  240.00   81.00  159.00
tl241  241.00   81.00  160.00
tl242  242.00   81.00  161.00
tl243  243.00   81.00  162.00
tl244  244.00   81.00  163.00
tl245  245.00   81.00  164.00
pb185  185.00   82.00  103.00
pb186  186.00   82.00  104.00
pb187  187.00   82.00  105.00
pb188  188.00   82.00  106.00
pb189  189.00   82.00  107.00
pb190  190.00   82.00  108.00
pb191  191.00   82.00  109.00
pb192  192.00   82.00  110.00
pb193  193.00   82.00  111.00
pb194  194.00   82.00  112.00
pb195  195.00   82.00  113.00
pb196  196.00   82.00  114.00
pb197  197.00   82.00  115.00
pb198  198.00   82.00  116.00
pb199  199.00   82.00  117.00
pb200  200.00   82.00  118.00
pb201  201.00   82.00  119.00
pb202  202.00   82.00  120.00
pb203  203.00   82.00  121.00
pb204  204.00   82.00  122.00
pb205  205.00   82.00  123.00
pb206  206.00   82.00  124.00
pb207  207.00   82.00  125.00
pb208  208.00   82.00  126.00
pb209  209.00   82.00  127.00
pb210  210.00   82.00  128.00
pb211  211.00   82.00  129.00
pb212  212.00   82.00  130.00
pb213  213.00   82.00  131.00
pb214  214.00   82.00  132.00
pb215  215.00   82.00  133.00
pb216  216.00   82.00  134.00
pb217  217.00   82.00  135.00
pb218  218.00   82.00  136.00
pb219  219.00   82.00  137.00
pb220  220.00   82.00  138.00
pb221  221.00   82.00  139.00
pb222  222.00   82.00  140.00
pb223  223.00   82.00  141.00
pb224  224.00   82.00  142.00
pb225  225.00   82.00  143.00
pb226  226.00   82.00  144.00
pb227  227.00   82.00  145.00
pb228  228.00   82.00  146.00
pb229  229.00   82.00  147.00
pb230  230.00   82.00  148.00
pb231  231.00   82.00  149.00
pb232  232.00   82.00  150.00
pb233  233.00   82.00  151.00
pb234  234.00   82.00  152.00
pb235  235.00   82.00  153.00
pb236  236.00   82.00  154.00
pb237  237.00   82.00  155.00
pb238  238.00   82.00  156.00
pb239  239.00   82.00  157.00
pb240  240.00   82.00  158.00
pb241  241.00   82.00  159.00
pb242  242.00   82.00  160.00
pb243  243.00   82.00  161.00
pb244  244.00   82.00  162.00
pb245  245.00   82.00  163.00
pb246  246.00   82.00  164.00
bi188  188.00   83.00  105.00
bi189  189.00   83.00  106.00
bi190  190.00   83.00  107.00
bi191  191.00   83.00  108.00
bi192  192.00   83.00  109.00
bi193  193.00   83.00  110.00
bi194  194.00   83.00  111.00
bi195  195.00   83.00  112.00
bi196  196.00   83.00  113.00
bi197  197.00   83.00  114.00
bi198  198.00   83.00  115.00
bi199  199.00   83.00  116.00
bi200  200.00   83.00  117.00
bi201  201.00   83.00  118.00
bi202  202.00   83.00  119.00
bi203  203.00   83.00  120.00
bi204  204.00   83.00  121.00
bi205  205.00   83.00  122.00
bi206  206.00   83.00  123.00
bi207  207.00   83.00  124.00
bi208  208.00   83.00  125.00
bi209  209.00   83.00  126.00
bi210  210.00   83.00  127.00
bi211  211.00   83.00  128.00
bi212  212.00   83.00  129.00
bi213  213.00   83.00  130.00
bi214  214.00   83.00  131.00
bi215  215.00   83.00  132.00
bi216  216.00   83.00  133.00
bi217  217.00   83.00  134.00
bi218  218.00   83.00  135.00
bi219  219.00   83.00  136.00
bi220  220.00   83.00  137.00
bi221  221.00   83.00  138.00
bi222  222.00   83.00  139.00
bi223  223.00   83.00  140.00
bi224  224.00   83.00  141.00
bi225  225.00   83.00  142.00
bi226  226.00   83.00  143.00
bi227  227.00   83.00  144.00
bi228  228.00   83.00  145.00
bi229  229.00   83.00  146.00
bi230  230.00   83.00  147.00
bi231  231.00   83.00  148.00
bi232  232.00   83.00  149.00
bi233  233.00   83.00  150.00
bi234  234.00   83.00  151.00
bi235  235.00   83.00  152.00
bi236  236.00   83.00  153.00
bi237  237.00   83.00  154.00
bi238  238.00   83.00  155.00
bi239  239.00   83.00  156.00
bi240  240.00   83.00  157.00
bi241  241.00   83.00  158.00
bi242  242.00   83.00  159.00
bi243  243.00   83.00  160.00
bi244  244.00   83.00  161.00
bi245  245.00   83.00  162.00
bi246  246.00   83.00  163.00
bi247  247.00   83.00  164.00
bi248  248.00   83.00  165.00
bi249  249.00   83.00  166.00
bi250  250.00   83.00  167.00
bi251  251.00   83.00  168.00
po193  193.00   84.00  109.00
po194  194.00   84.00  110.00
po195  195.00   84.00  111.00
po196  196.00   84.00  112.00
po197  197.00   84.00  113.00
po198  198.00   84.00  114.00
po199  199.00   84.00  115.00
po200  200.00   84.00  116.00
po201  201.00   84.00  117.00
po202  202.00   84.00  118.00
po203  203.00   84.00  119.00
po204  204.00   84.00  120.00
po205  205.00   84.00  121.00
po206  206.00   84.00  122.00
po207  207.00   84.00  123.00
po208  208.00   84.00  124.00
po209  209.00   84.00  125.00
po210  210.00   84.00  126.00
po211  211.00   84.00  127.00
po212  212.00   84.00  128.00
po213  213.00   84.00  129.00
po214  214.00   84.00  130.00
po215  215.00   84.00  131.00
po216  216.00   84.00  132.00
po217  217.00   84.00  133.00
po218  218.00   84.00  134.00
po219  219.00   84.00  135.00
po220  220.00   84.00  136.00
po221  221.00   84.00  137.00
po222  222.00   84.00  138.00
po223  223.00   84.00  139.00
po224  224.00   84.00  140.00
po225  225.00   84.00  141.00
po226  226.00   84.00  142.00
po227  227.00   84.00  143.00
po228  228.00   84.00  144.00
po229  229.00   84.00  145.00
po230  230.00   84.00  146.00
po231  231.00   84.00  147.00
po232  232.00   84.00  148.00
po233  233.00   84.00  149.00
po234  234.00   84.00  150.00
po235  235.00   84.00  151.00
po236  236.00   84.00  152.00
po237  237.00   84.00  153.00
at210  210.00   85.00  125.00
at211  211.00   85.00  126.00
