    n    1.00    0.00    1.00
    p    1.00    1.00    0.00
   h2    2.00    1.00    1.00
  he3    3.00    2.00    1.00
  he4    4.00    2.00    2.00
  li7    7.00    3.00    4.00
  be7    7.00    4.00    3.00
  be9    9.00    4.00    5.00
 be10   10.00    4.00    6.00
   b8    8.00    5.00    3.00
  c12   12.00    6.00    6.00
  c13   13.00    6.00    7.00
  n13   13.00    7.00    6.00
  n14   14.00    7.00    7.00
  n15   15.00    7.00    8.00
  o14   14.00    8.00    6.00
  o15   15.00    8.00    7.00
  o16   16.00    8.00    8.00
  o17   17.00    8.00    9.00
  o18   18.00    8.00   10.00
  f17   17.00    9.00    8.00
  f18   18.00    9.00    9.00
  f19   19.00    9.00   10.00
 ne18   18.00   10.00    8.00
 ne19   19.00   10.00    9.00
 ne20   20.00   10.00   10.00
 ne21   21.00   10.00   11.00
 ne22   22.00   10.00   12.00
 na23   23.00   11.00   12.00
 na24   24.00   11.00   13.00
 mg23   23.00   12.00   11.00
 mg24   24.00   12.00   12.00
 mg25   25.00   12.00   13.00
 al27   27.00   13.00   14.00
 si27   27.00   14.00   13.00
 si28   28.00   14.00   14.00
  p30   30.00   15.00   15.00
  p31   31.00   15.00   16.00
  s31   31.00   16.00   15.00
  s32   32.00   16.00   16.00
 cl35   35.00   17.00   18.00
 ar36   36.00   18.00   18.00
  k39   39.00   19.00   20.00
 ca40   40.00   20.00   20.00
 sc43   43.00   21.00   22.00
 sc44   44.00   21.00   23.00
 sc45   45.00   21.00   24.00
 sc46   46.00   21.00   25.00
 sc47   47.00   21.00   26.00
 sc48   48.00   21.00   27.00
 sc49   49.00   21.00   28.00
 sc50   50.00   21.00   29.00
 sc51   51.00   21.00   30.00
 ti44   44.00   22.00   22.00
 ti45   45.00   22.00   23.00
 ti46   46.00   22.00   24.00
 ti47   47.00   22.00   25.00
 ti48   48.00   22.00   26.00
 ti49   49.00   22.00   27.00
 ti50   50.00   22.00   28.00
 ti51   51.00   22.00   29.00
 ti52   52.00   22.00   30.00
  v47   47.00   23.00   24.00
  v48   48.00   23.00   25.00
  v49   49.00   23.00   26.00
  v50   50.00   23.00   27.00
  v51   51.00   23.00   28.00
  v52   52.00   23.00   29.00
  v53   53.00   23.00   30.00
 cr48   48.00   24.00   24.00
 cr49   49.00   24.00   25.00
 cr50   50.00   24.00   26.00
 cr51   51.00   24.00   27.00
 cr52   52.00   24.00   28.00
 cr53   53.00   24.00   29.00
 cr54   54.00   24.00   30.00
 cr55   55.00   24.00   31.00
 cr56   56.00   24.00   32.00
 mn51   51.00   25.00   26.00
 mn52   52.00   25.00   27.00
 mn53   53.00   25.00   28.00
 mn54   54.00   25.00   29.00
 mn55   55.00   25.00   30.00
 fe51   51.00   26.00   25.00
 fe52   52.00   26.00   26.00
 fe53   53.00   26.00   27.00
 fe54   54.00   26.00   28.00
 fe55   55.00   26.00   29.00
 fe56   56.00   26.00   30.00
 fe57   57.00   26.00   31.00
 fe58   58.00   26.00   32.00
 fe59   59.00   26.00   33.00
 fe60   60.00   26.00   34.00
 fe61   61.00   26.00   35.00
 fe62   62.00   26.00   36.00
 fe63   63.00   26.00   37.00
 fe64   64.00   26.00   38.00
 fe65   65.00   26.00   39.00
 fe66   66.00   26.00   40.00
 co55   55.00   27.00   28.00
 co56   56.00   27.00   29.00
 co57   57.00   27.00   30.00
 co58   58.00   27.00   31.00
 co59   59.00   27.00   32.00
 co60   60.00   27.00   33.00
 co61   61.00   27.00   34.00
 co62   62.00   27.00   35.00
 co63   63.00   27.00   36.00
 co64   64.00   27.00   37.00
 co65   65.00   27.00   38.00
 co66   66.00   27.00   39.00
 ni55   55.00   28.00   27.00
 ni56   56.00   28.00   28.00
 ni57   57.00   28.00   29.00
 ni58   58.00   28.00   30.00
 ni59   59.00   28.00   31.00
 ni60   60.00   28.00   32.00
 ni61   61.00   28.00   33.00
 ni62   62.00   28.00   34.00
 ni63   63.00   28.00   35.00
 ni64   64.00   28.00   36.00
 ni65   65.00   28.00   37.00
 ni66   66.00   28.00   38.00
 ni67   67.00   28.00   39.00
 ni68   68.00   28.00   40.00
